(350,297) (325,93) (466,368)
(417,103) (507,444) (478,189)
(418,116) (339,115) (321,58)
(438,399) (100,98) (119,241)
(178,125) (363,299) (97,225)
(457,312) (85,205) (265,286)
(129,136) (430,50) (451,86)
(466,440) (369,241) (257,360)
(218,285) (76,158) (115,148)
(62,104) (481,344) (375,66)
(59,121) (465,277) (419,130)
(105,257) (273,234) (250,270)
(91,195) (121,236) (258,340)
(69,173) (358,274) (117,152)
(84,246) (353,226) (71,157)
(112,164) (378,57) (197,135)
(469,190) (126,66) (496,285)
(524,184) (473,420) (120,249)
(54,174) (369,271) (97,204)
(470,439) (241,367) (426,70)
(487,449) (24,129) (464,320)
(95,124) (109,123) (440,444)
(123,117) (191,139) (199,304)
(507,417) (64,173) (359,53)
(385,234) (352,227) (473,314)
(254,306) (428,126) (440,410)
(82,154) (498,183) (481,88)
(271,232) (247,227) (32,152)
(134,117) (175,132) (348,90)
(448,427) (102,102) (291,91)
