(82,127) (119,97) (139,148)
(383,85) (347,275) (52,173)
(137,66) (365,215) (85,217)
(473,174) (495,370) (488,369)
(479,463) (339,118) (325,211)
(480,271) (431,233) (275,302)
(265,238) (485,441) (89,65)
(428,128) (460,184) (121,238)
(258,136) (354,211) (46,79)
(425,68) (75,77) (418,139)
(479,241) (466,470) (185,142)
(478,337) (334,66) (416,97)
(261,318) (422,101) (357,114)
(67,67) (73,157) (105,148)
(393,73) (252,274) (28,142)
(497,186) (338,300) (376,109)
(437,373) (96,251) (432,48)
(471,466) (520,191) (363,57)
(51,118) (375,53) (399,98)
(424,82) (104,150) (477,82)
