(95,110) (338,282) (356,73)
(446,143) (390,224) (442,93)
(98,147) (357,250) (280,138)
(479,153) (484,261) (481,302)
(477,322) (351,53) (368,256)
(89,194) (86,66) (66,164)
(387,110) (125,126) (22,128)
(479,437) (136,57) (384,252)
(486,307) (315,54) (90,61)
(345,220) (373,214) (216,129)
(193,277) (476,263) (455,280)
(349,256) (380,112) (69,119)
(426,59) (345,244) (482,336)
(358,203) (353,219) (95,193)
(277,128) (453,261) (85,108)
(387,239) (219,293) (131,153)
(142,130) (153,125) (477,416)
(246,339) (344,300) (131,64)
(302,294) (151,115) (454,437)
(409,8) (119,233) (428,39)
