(279,91) (275,120) (435,177)
(472,137) (446,374) (471,331)
(472,250) (481,318) (474,189)
(459,230) (356,77) (249,348)
(440,392) (323,120) (481,348)
(92,254) (477,221) (341,179)
(58,121) (433,35) (345,55)
(248,344) (294,96) (473,196)
(439,175) (425,185) (469,141)
(488,289) (254,346) (257,323)
(89,72) (48,54) (494,300)
(445,412) (422,124) (204,301)
(260,226) (484,274) (41,148)
(312,105) (421,189) (74,150)
(437,414) (218,132) (248,261)
(253,249) (470,97) (87,261)
(465,306) (189,145) (385,210)
(412,229) (476,275) (472,211)
(494,181) (369,289) (89,238)
(467,436) (443,417) (464,234)
