(329,100) (437,405) (159,145)
(105,149) (114,159) (463,418)
(370,51) (299,90) (202,131)
(116,146) (466,364) (283,295)
(477,295) (303,88) (483,300)
(468,99) (474,293) (469,290)
(350,278) (422,108) (351,91)
(461,379) (45,53) (60,111)
(367,276) (427,174) (429,83)
(363,185) (360,182) (439,233)
(475,253) (466,155) (260,385)
(106,129) (286,103) (251,120)
(453,286) (167,145) (483,184)
(463,96) (431,175) (103,112)
(111,59) (241,222) (73,69)
(106,64) (490,266) (342,179)
(369,107) (461,366) (468,403)
(407,15) (73,108) (144,123)
(478,340) (258,239) (344,248)
(477,425) (231,279) (366,279)
