(461,303) (393,68) (247,178)
(503,429) (375,59) (93,152)
(82,180) (360,117) (409,84)
(347,298) (123,158) (363,196)
(316,94) (477,179) (472,144)
(456,87) (88,217) (261,273)
(488,317) (71,140) (454,370)
(389,101) (486,443) (253,126)
(90,259) (366,97) (399,228)
(96,255) (261,324) (492,381)
(337,109) (383,85) (457,362)
(49,69) (116,149) (348,281)
(107,260) (191,119) (218,275)
(387,77) (257,279) (231,133)
(282,90) (406,88) (97,164)
(129,266) (343,126) (90,142)
(455,272) (486,380) (298,237)
(457,186) (444,226) (474,431)
(473,139) (449,181) (114,236)
(456,375) (478,172) (137,146)
