(225,273) (126,67) (96,237)
(469,431) (363,211) (282,98)
(258,387) (341,195) (489,269)
(472,251) (250,267) (426,1)
(429,124) (225,291) (246,285)
(57,165) (360,305) (464,154)
(421,46) (243,295) (249,368)
(483,465) (54,146) (298,82)
(352,116) (340,302) (87,272)
(298,234) (152,133) (459,291)
(66,106) (487,272) (390,81)
(82,221) (463,448) (180,151)
(94,269) (124,248) (358,181)
(156,159) (397,101) (444,169)
(488,327) (281,102) (115,153)
(454,261) (425,237) (481,209)
(428,50) (82,268) (508,435)
(472,452) (457,384) (324,236)
(477,310) (285,142) (95,186)
(345,203) (351,71) (247,347)
(339,91) (488,328) (91,238)
(375,219) (43,123) (514,176)
(453,103) (365,250) (340,128)
(64,168) (208,130) (332,110)
(127,161) (83,83) (423,81)
(167,158) (131,55) (492,180)
(106,156) (229,141) (360,188)
(447,129) (262,352) (489,349)
(454,94) (479,444) (264,229)
(479,213) (94,153) (82,187)
