(362,78) (60,127) (476,205)
(440,82) (348,188) (450,226)
(95,271) (167,118) (428,190)
(195,133) (496,186) (330,215)
(122,236) (55,111) (91,122)
(350,274) (331,239) (494,314)
(119,153) (129,130) (374,223)
(483,364) (505,386) (264,137)
(448,382) (326,235) (510,398)
(62,51) (87,196) (371,254)
(338,184) (322,242) (23,126)
(55,111) (390,74) (255,374)
(486,360) (364,183) (188,141)
(48,149) (365,55) (328,227)
(340,65) (100,97) (474,235)
(365,197) (457,434) (317,85)
(353,64) (253,194) (292,290)
(174,127) (69,50) (93,65)
(467,84) (146,74) (94,255)
(80,63) (342,239) (338,298)
(106,135) (427,122) (47,140)
(237,129) (145,50) (323,240)
(89,215) (459,105) (348,178)
(101,265) (98,258) (250,281)
(334,115) (173,142) (442,180)
(500,418) (82,89) (424,235)
(244,375) (206,137) (240,394)
(192,142) (119,51) (105,105)
(323,209) (436,234) (492,308)
(421,111) (423,23) (366,230)
