(122,153) (215,141) (503,431)
(363,127) (282,101) (437,172)
(287,273) (176,148) (429,9)
(100,263) (368,85) (446,403)
(109,155) (492,272) (80,127)
(83,125) (295,231) (360,79)
(87,87) (90,112) (169,120)
(395,102) (350,125) (93,72)
(194,152) (473,205) (40,133)
(102,163) (450,178) (420,118)
(104,167) (332,87) (361,241)
(250,196) (431,129) (445,444)
(141,126) (460,328) (102,71)
(512,388) (159,133) (312,122)
(468,246) (116,252) (419,51)
(79,107) (354,201) (94,83)
(361,219) (251,278) (140,51)
(39,64) (492,279) (254,224)
(307,80) (121,76) (50,67)
(164,136) (327,104) (323,75)
