(380,87) (434,413) (261,140)
(244,261) (184,146) (441,420)
(50,157) (329,61) (245,254)
(351,183) (388,230) (469,233)
(419,93) (289,302) (335,254)
(453,354) (484,413) (497,433)
(474,358) (368,226) (294,228)
(104,104) (353,197) (105,126)
(430,62) (358,222) (380,67)
(258,159) (83,110) (103,121)
(346,107) (463,136) (466,196)
(290,277) (175,117) (475,172)
(492,289) (338,107) (110,136)
(444,422) (474,164) (339,69)
(349,228) (213,297) (217,292)
(368,52) (459,137) (138,51)
(450,228) (348,107) (45,135)
(497,383) (510,428) (247,322)
(479,150) (59,169) (367,301)
(160,147) (55,157) (48,69)
(89,271) (470,152) (120,54)
(420,42) (471,416) (458,363)
(40,117) (277,117) (303,277)
(272,226) (242,362) (253,399)
(260,394) (326,248) (463,280)
(467,415) (459,181) (63,174)
(288,281) (378,223) (358,295)
(93,212) (312,104) (115,138)
(351,118) (504,191) (480,416)
(335,103) (102,129) (98,112)
(437,91) (482,406) (454,183)
(350,66) (102,71) (291,298)
(39,64) (45,62) (56,117)
(281,144) (438,377) (26,121)
(98,153) (447,181) (465,104)
(439,241) (336,69) (459,271)
(337,48) (179,148) (118,177)
(164,155) (200,281) (121,52)
(162,135) (293,85) (277,118)
(298,280) (116,230) (385,52)
(178,161) (86,232) (464,83)
(463,470) (42,158) (398,89)
(190,148) (113,98) (496,372)
(315,233) (348,298) (457,452)
(134,141) (342,298) (291,289)
(445,236) (432,96) (92,174)
(179,159) (472,230) (324,226)
(441,372) (498,394) (450,315)
(108,113) (106,57) (493,277)
(469,135) (203,295) (510,371)
(117,62) (454,187) (502,192)
(388,85) (421,14) (363,51)
(105,159) (325,239) (276,301)
(86,202) (78,152) (366,121)
(433,239) (250,234) (46,134)
(36,58) (470,157) (351,128)
(455,189) (52,155) (180,157)
(78,153) (495,315) (221,292)
(469,305) (288,87) (437,87)
(432,187) (92,259) (318,241)
(70,56) (469,209) (224,138)
(359,281) (61,51) (459,449)
(370,111) (420,118) (305,238)
(120,72) (22,116) (355,285)
(388,111) (492,354) (508,409)
(82,108) (323,92) (478,211)
(354,229) (337,64) (342,79)
(466,420) (300,90) (112,48)
(465,176) (358,61) (351,79)
(82,244) (337,85) (246,238)
(454,84) (363,96) (344,84)
(495,309) (233,287) (385,125)
(337,92) (125,75) (395,108)
(459,267) (512,193) (450,94)
(170,126) (25,127) (284,283)
(245,265) (73,112) (470,450)
(359,297) (495,292) (461,279)
(380,79) (138,129) (339,68)
(467,231) (474,411) (329,227)
(91,219) (370,110) (487,374)
(325,241) (379,75) (480,462)
(129,243) (216,291) (458,240)
(250,377) (301,275) (326,255)
(251,359) (311,122) (479,134)
(196,124) (270,135) (461,286)
(312,233) (479,456) (383,212)
(352,253) (247,305) (475,102)
(451,375) (304,228) (242,193)
(282,96) (476,361) (84,95)
(330,236) (346,188) (464,184)
(411,11) (112,138) (87,245)
(54,175) (157,143) (426,103)
(189,146) (366,220) (475,103)
(454,461) (473,302) (453,304)
(455,455) (192,0) (246,294)
(187,137) (291,277) (467,315)
(473,337) (295,284) (354,122)
(464,237) (59,58) (182,134)
(366,238) (483,192) (245,114)
(355,94) (338,186) (79,131)
(366,201) (384,220) (471,172)
(360,242) (353,72) (123,113)
(251,124) (148,151) (482,115)
(137,71) (511,402) (469,85)
(501,310) (414,225) (123,237)
(221,290) (487,448) (45,136)
(385,118) (454,105) (327,228)
(339,191) (431,45) (254,247)
(462,277) (346,238) (476,289)
(437,405) (176,157) (490,283)
(327,50) (44,54) (254,289)
(123,156) (327,119) (362,223)
(359,115) (438,233) (452,258)
(105,69) (361,219) (362,234)
(428,136) (473,83) (519,191)
(57,64) (436,407) (146,121)
(496,361) (252,375) (486,463)
(38,116) (467,238) (46,0)
(65,175) (141,69) (86,103)
(461,454) (488,286) (458,453)
(346,71) (323,71) (355,67)
(110,226) (422,37) (383,250)
(163,133) (33,160) (129,154)
(495,358) (471,106) (275,300)
(38,127) (139,126) (422,87)
(350,91) (477,184) (355,280)
(246,280) (466,322) (509,393)
(405,8) (251,295) (80,132)
(344,296) (86,146) (358,306)
(492,303) (455,376) (466,420)
(95,130) (460,331) (312,0)
(386,217) (104,97) (256,377)
(493,462) (345,105) (117,70)
(74,137) (343,106) (488,190)
(389,112) (518,187) (134,147)
(325,226) (356,93) (325,246)
(481,209) (306,78) (142,145)
(465,241) (81,71) (449,92)
(349,178) (72,59) (434,237)
(505,381) (350,305) (183,151)
(147,137) (492,309) (59,103)
(503,0) (481,140) (425,50)
(289,99) (250,315) (66,164)
(500,186) (426,30) (370,122)
(424,95) (86,228) (408,10)
(437,387) (252,219) (379,60)
(150,126) (86,140) (200,281)
(469,405) (465,87) (422,70)
(338,107) (469,317) (149,153)
(207,132) (489,303) (452,361)
(352,281) (276,282) (129,122)
(281,236) (370,102) (108,128)
(97,59) (452,442) (385,83)
(43,130) (187,116) (196,153)
(47,127) (96,267) (500,426)
(477,246) (366,232) (323,243)
(418,77) (486,443) (415,85)
(351,227) (475,321) (30,133)
(447,312) (43,119) (489,460)
(388,82) (467,253) (169,156)
(493,446) (275,85) (382,126)
(116,246) (341,114) (347,220)
(356,227) (282,109) (489,190)
(483,363) (57,164) (354,292)
(435,383) (247,260) (250,271)
(436,422) (100,78) (144,66)
(461,291) (367,80) (372,67)
(369,62) (242,360) (12,124)
(386,99) (274,122) (407,97)
(118,141) (478,108) (97,262)
(56,151) (82,90) (95,219)
(54,142) (462,276) (241,310)
(83,162) (248,386) (193,141)
(438,391) (468,110) (339,286)
(260,280) (359,287) (53,129)
(472,269) (242,249) (90,108)
(147,135) (350,61) (476,234)
(349,280) (376,128) (451,371)
(324,219) (243,225) (28,136)
(243,267) (329,82) (355,210)
(369,280) (456,438) (98,270)
(225,303) (430,10) (63,70)
(360,57) (449,106) (481,161)
(242,377) (61,141) (436,83)
(449,377) (224,134) (98,107)
(310,96) (274,276) (470,219)
(105,164) (402,86) (199,279)
(372,101) (498,413) (343,97)
(309,233) (457,331) (455,267)
(330,104) (350,228) (473,281)
(87,136) (259,375) (344,121)
(100,266) (339,110) (135,114)
(503,429) (364,104) (47,117)
(300,277) (33,56) (498,398)
(476,399) (90,269) (111,106)
(63,81) (420,18) (349,282)
(472,183) (497,398) (363,180)
(83,163) (85,243) (466,291)
(365,73) (395,84) (163,139)
(498,420) (383,94) (368,123)
(469,252) (478,474) (162,0)
(455,235) (325,68) (453,296)
(216,283) (284,82) (289,129)
(87,210) (503,439) (274,233)
(470,343) (96,192) (84,203)
(283,146) (82,164) (421,24)
(432,162) (381,54) (158,114)
(360,201) (460,364) (253,308)
(478,286) (251,298) (361,114)
(410,83) (139,81) (354,280)
(220,133) (83,241) (407,236)
(484,443) (483,355) (242,395)
(245,384) (348,230) (52,133)
(481,381) (355,306) (116,135)
(85,129) (280,97) (121,147)
(512,370) (160,155) (318,226)
(298,235) (495,309) (312,63)
(373,245) (90,103) (426,40)
(80,74) (492,305) (323,68)
(144,161) (253,325) (104,259)
(396,249) (473,403) (419,183)
(313,230) (355,54) (107,123)
(454,271) (289,85) (484,311)
(253,182) (471,349) (127,55)
(120,81) (472,153) (218,290)
(311,82) (434,407) (276,275)
(218,139) (44,151) (264,227)
(245,240) (110,149) (511,386)
(142,137) (95,131) (130,135)
(160,120) (467,101) (470,166)
(338,113) (346,214) (478,287)
(91,219) (435,189) (337,63)
(366,305) (500,316) (248,291)
(355,125) (120,133) (463,261)
(101,150) (479,354) (315,106)
(460,274) (341,275) (243,296)
(88,238) (451,446) (120,138)
(53,113) (469,438) (503,187)
(253,284) (195,127) (294,242)
(408,98) (376,97) (285,227)
(336,120) (469,134) (398,226)
(481,287) (101,70) (252,183)
(475,177) (103,55) (466,414)
(476,263) (471,267) (481,356)
(422,142) (473,297) (450,296)
(359,298) (256,274) (473,256)
(365,267) (529,186) (334,93)
(83,65) (434,145) (301,0)
(349,278) (460,291) (461,282)
(329,106) (469,302) (363,250)
(115,272) (367,210) (425,45)
(76,153) (518,186) (462,229)
(484,322) (255,180) (242,361)
(489,280) (495,363) (352,72)
(492,278) (433,63) (474,112)
(101,124) (102,101) (280,139)
(345,214) (356,186) (99,239)
(402,14) (65,117) (410,26)
(96,268) (78,131) (198,139)
(257,371) (340,101) (383,100)
(310,90) (95,104) (482,185)
(484,320) (324,234) (126,273)
(43,52) (452,238) (335,88)
(367,90) (465,238) (163,160)
(305,302) (378,244) (96,212)
(91,50) (354,110) (357,78)
(92,77) (390,221) (377,215)
(364,98) (64,104) (490,363)
(430,4) (114,134) (248,158)
(256,377) (255,299) (461,436)
(467,436) (476,450) (466,83)
(430,140) (198,129) (251,159)
(461,237) (338,49) (113,270)
(251,268) (334,245) (451,259)
(379,108) (506,389) (313,81)
(65,163) (471,248) (68,68)
(477,193) (377,88) (335,0)
(428,186) (113,149) (460,437)
(97,118) (256,215) (456,289)
(237,135) (372,250) (142,157)
(361,94) (339,98) (468,452)
(472,444) (451,403) (96,184)
(498,396) (120,160) (365,240)
(85,100) (139,60) (334,241)
(456,144) (244,360) (14,133)
(277,110) (322,51) (97,173)
(104,150) (151,157) (481,371)
(363,218) (529,186) (483,434)
(253,278) (371,55) (168,130)
(483,181) (79,142) (362,86)
(444,84) (468,164) (357,80)
(123,108) (456,145) (212,280)
(42,148) (245,398) (414,85)
(157,132) (435,388) (272,140)
(351,70) (451,362) (83,215)
(480,184) (248,395) (399,88)
(431,78) (387,76) (124,56)
(440,409) (417,14) (466,267)
(95,79) (274,134) (332,214)
(249,341) (488,438) (91,152)
(470,470) (350,65) (442,229)
(352,288) (365,74) (97,242)
(448,381) (111,240) (101,170)
(465,433) (99,263) (328,94)
(141,79) (417,91) (433,191)
(447,314) (72,128) (84,228)
(458,99) (372,216) (502,448)
(117,264) (421,102) (373,102)
(87,247) (105,79) (349,181)
(477,258) (474,415) (99,157)
(338,110) (234,275) (471,261)
(175,149) (450,97) (83,164)
(407,83) (332,255) (251,270)
(41,63) (243,284) (475,270)
(355,196) (345,212) (268,237)
(31,143) (379,225) (98,172)
(89,71) (155,134) (365,99)
(471,473) (107,149) (468,305)
(423,183) (244,147) (476,285)
(345,120) (449,439) (465,219)
(38,153) (338,236) (216,284)
(441,439) (412,5) (406,227)
(483,192) (80,161) (102,64)
(451,136) (486,440) (90,166)
(162,136) (135,58) (487,382)
(275,282) (462,258) (276,304)
(434,162) (243,182) (120,258)
(264,285) (466,108) (129,108)
(253,131) (397,92) (257,321)
(465,406) (408,96) (426,190)
(357,67) (249,124) (465,171)
(332,76) (486,192) (460,291)
(449,170) (468,244) (55,66)
(88,216) (428,116) (450,274)
(254,142) (358,207) (257,244)
(348,231) (328,235) (528,189)
(92,145) (468,217) (256,211)
(362,210) (330,226) (363,293)
(333,216) (128,66) (326,122)
(94,75) (396,54) (436,97)
(138,134) (475,276) (278,99)
(253,307) (473,228) (256,359)
(128,154) (371,78) (271,237)
(93,149) (468,88) (93,260)
(28,119) (81,57) (469,178)
(249,291) (91,208) (467,98)
(437,446) (364,128) (87,267)
(55,110) (320,0) (361,302)
(110,117) (459,87) (279,274)
(87,149) (423,96) (45,153)
(480,111) (195,287) (203,296)
(386,121) (137,156) (463,449)
(64,122) (397,100) (252,146)
(363,192) (286,106) (375,108)
(192,156) (195,279) (477,346)
(94,210) (70,125) (357,61)
(347,73) (512,409) (394,217)
(477,170) (167,120) (357,273)
(390,242) (452,93) (248,144)
(13,123) (261,320) (484,409)
(37,139) (329,104) (182,153)
(499,440) (364,199) (498,368)
(333,89) (379,53) (254,141)
(249,124) (129,115) (105,152)
(417,22) (88,119) (56,175)
(201,142) (401,13) (143,71)
(79,115) (248,137) (452,180)
(189,124) (460,102) (430,162)
(408,28) (247,344) (307,88)
(502,417) (483,349) (465,336)
(366,188) (139,64) (460,317)
(104,235) (100,235) (253,304)
(351,122) (252,301) (475,315)
(489,443) (238,277) (502,370)
(58,161) (470,427) (255,246)
(41,70) (159,135) (127,51)
(126,135) (252,226) (82,115)
(339,292) (144,144) (190,147)
(427,21) (503,379) (89,198)
(468,407) (87,223) (445,191)
(180,155) (76,61) (150,124)
(115,138) (70,69) (412,233)
(318,91) (470,132) (39,141)
(113,143) (512,192) (374,252)
(370,127) (469,320) (467,361)
(135,77) (474,300) (458,294)
(152,122) (279,104) (405,18)
(51,112) (509,446) (50,59)
(105,234) (178,146) (325,119)
(344,217) (449,164) (470,178)
(467,400) (413,27) (418,142)
(92,151) (455,439) (418,140)
(373,114) (428,143) (459,236)
(118,158) (266,280) (298,290)
(483,179) (253,147) (123,124)
(523,183) (466,174) (366,251)
(47,59) (492,456) (474,279)
(82,56) (478,242) (111,172)
(243,307) (113,119) (399,109)
(365,298) (442,423) (315,123)
(132,122) (467,325) (96,104)
(397,231) (526,184) (98,127)
(165,158) (125,248) (459,143)
(365,246) (456,139) (122,135)
(441,82) (470,319) (420,77)
(101,174) (101,139) (119,230)
(65,175) (445,390) (287,119)
(85,107) (98,152) (86,260)
(253,288) (375,248) (423,128)
(254,307) (259,390) (217,296)
(376,67) (209,284) (239,143)
(422,133) (392,87) (493,437)
(447,392) (236,139) (60,117)
(463,183) (526,193) (437,385)
(22,157) (102,269) (82,159)
(498,396) (322,107) (476,469)
(334,213) (335,80) (115,145)
(363,291) (379,234) (357,229)
(506,414) (196,290) (132,117)
(357,245) (453,241) (361,276)
(450,310) (37,58) (100,237)
(88,183) (451,234) (479,279)
(225,293) (138,161) (463,452)
(372,251) (158,125) (370,79)
(9,144) (249,227) (482,370)
(249,229) (473,208) (96,144)
(433,135) (198,146) (277,297)
(52,145) (509,395) (495,365)
(242,226) (412,238) (346,102)
(401,239) (488,383) (271,0)
(404,29) (488,350) (382,105)
(88,197) (482,334) (228,140)
(135,77) (93,212) (183,151)
(359,127) (262,0) (435,176)
(508,191) (25,137) (338,214)
(446,175) (478,134) (126,114)
(367,61) (343,224) (265,279)
(376,57) (328,107) (394,218)
(452,298) (242,140) (381,116)
(251,316) (52,144) (494,442)
(337,66) (426,20) (435,233)
(406,241) (357,123) (357,231)
(78,146) (326,104) (253,352)
(474,246) (247,263) (436,93)
(426,36) (191,148) (347,305)
(50,64) (45,66) (480,271)
(270,286) (480,284) (470,434)
(455,89) (272,233) (177,145)
(388,85) (40,155) (339,236)
(513,402) (481,376) (443,0)
(455,94) (487,448) (91,203)
(461,86) (87,255) (75,102)
(380,257) (247,181) (102,150)
(501,371) (94,67) (366,77)
(510,429) (252,399) (92,140)
(282,84) (248,177) (350,244)
(470,368) (347,107) (90,251)
(359,76) (432,117) (134,134)
(354,185) (423,88) (449,427)
(458,321) (454,289) (77,123)
(257,160) (93,171) (256,272)
(377,106) (129,262) (419,111)
(505,444) (417,107) (485,301)
(85,259) (278,123) (86,160)
(165,160) (426,61) (525,182)
(306,87) (398,88) (56,79)
(82,233) (43,129) (256,246)
(246,150) (275,299) (452,141)
(132,151) (472,101) (466,258)
(77,81) (453,143) (125,269)
(440,404) (323,255) (527,187)
(251,353) (249,223) (129,123)
(475,206) (477,110) (459,186)
(346,59) (353,195) (105,236)
(341,242) (195,142) (92,267)
(413,10) (96,206) (359,208)
(33,126) (304,286) (57,113)
(368,195) (155,125) (465,286)
(342,189) (116,258) (370,220)
(377,95) (101,68) (76,76)
(375,103) (244,315) (384,116)
(454,386) (89,195) (143,156)
(97,180) (248,131) (96,87)
(428,24) (139,127) (121,270)
(70,144) (92,255) (347,200)
(370,239) (483,442) (252,375)
(337,77) (481,258) (290,291)
(478,188) (378,243) (341,193)
(59,61) (485,383) (441,135)
(434,402) (230,288) (248,336)
(146,80) (270,279) (399,76)
(352,247) (457,452) (481,276)
(80,140) (418,93) (111,102)
(426,89) (252,293) (96,135)
(58,149) (259,133) (461,132)
(465,195) (446,409) (149,117)
(393,74) (135,119) (337,287)
(364,200) (529,187) (457,463)
(473,300) (246,232) (311,58)
(165,122) (31,122) (122,159)
(339,211) (424,122) (360,182)
(58,132) (358,249) (249,217)
(29,128) (110,49) (114,113)
(346,302) (125,53) (392,69)
(336,221) (484,464) (349,304)
(382,92) (488,190) (427,84)
(94,167) (498,313) (252,227)
(59,76) (301,281) (324,65)
(365,126) (478,472) (220,282)
(465,173) (390,85) (278,292)
(433,142) (395,93) (445,86)
(84,197) (399,72) (447,227)
(380,72) (244,147) (36,70)
(386,210) (126,239) (309,92)
(325,219) (233,132) (461,307)
(103,132) (349,240) (481,318)
(354,61) (509,417) (248,377)
(331,109) (106,167) (505,427)
(72,69) (343,118) (368,262)
(283,286) (168,153) (452,441)
(366,226) (250,364) (187,117)
(471,431) (440,435) (463,91)
(331,100) (69,156) (83,106)
(428,80) (368,271) (480,232)
(288,88) (75,128) (29,117)
(32,155) (478,232) (21,118)
(90,148) (481,235) (401,232)
(90,51) (498,178) (79,73)
(112,163) (27,117) (225,288)
(475,183) (388,109) (386,250)
(403,242) (475,264) (114,134)
(134,138) (135,133) (189,154)
(315,232) (189,118) (378,226)
(91,151) (107,271) (70,133)
(322,236) (353,122) (108,138)
(325,81) (406,86) (245,300)
(89,252) (339,230) (174,137)
(305,295) (90,137) (62,63)
(437,417) (494,182) (129,230)
(108,262) (100,58) (61,108)
(225,288) (499,370) (53,107)
(18,128) (68,158) (470,200)
(244,127) (63,54) (84,254)
(324,66) (429,45) (102,49)
(242,260) (362,197) (468,448)
(359,113) (148,142) (356,109)
(206,131) (94,127) (253,385)
(55,71) (473,113) (324,215)
(491,321) (420,174) (276,299)
(357,117) (445,130) (204,299)
(63,112) (324,221) (88,55)
(249,140) (146,114) (330,231)
(124,78) (437,385) (421,67)
(55,132) (440,432) (428,110)
(242,219) (42,116) (457,141)
(343,287) (361,128) (117,143)
(56,158) (87,160) (477,170)
(108,137) (474,294) (467,263)
(359,125) (468,364) (409,234)
(92,94) (246,155) (467,249)
(68,55) (299,91) (47,66)
(81,75) (176,158) (349,292)
(372,229) (39,74) (294,305)
(467,196) (426,95) (279,91)
(145,125) (484,446) (134,0)
(487,302) (511,429) (276,304)
(40,143) (466,405) (303,284)
(488,435) (477,147) (390,229)
(143,131) (455,355) (452,337)
(340,81) (416,27) (388,104)
(276,283) (114,240) (353,200)
(261,241) (337,247) (428,144)
(141,153) (257,207) (359,254)
(259,240) (368,89) (261,239)
(257,179) (360,212) (328,126)
(438,411) (88,75) (178,152)
(344,97) (387,51) (449,426)
(310,0) (363,290) (419,239)
(312,89) (477,323) (374,222)
(147,117) (444,376) (307,239)
(276,299) (45,131) (84,71)
(480,358) (60,111) (434,418)
(355,260) (290,295) (369,288)
(312,232) (40,66) (423,111)
(334,113) (472,354) (485,261)
(337,221) (102,79) (455,444)
(104,95) (233,288) (58,145)
(422,137) (105,232) (222,295)
(457,460) (396,119) (471,284)
(364,108) (472,169) (276,281)
(83,95) (232,145) (359,184)
(501,446) (447,181) (322,238)
(197,305) (55,174) (486,449)
(145,60) (462,472) (445,89)
(462,284) (436,227) (428,180)
(497,186) (186,142) (478,334)
(312,237) (255,293) (241,212)
(321,90) (364,107) (85,232)
(260,354) (109,228) (469,444)
(448,242) (465,210) (254,232)
(431,70) (469,219) (467,459)
(367,282) (67,118) (454,435)
(90,192) (458,132) (182,134)
(97,152) (470,308) (242,270)
(52,163) (442,395) (472,141)
(339,101) (463,446) (248,300)
(475,422) (353,106) (497,332)
(480,263) (54,129) (473,0)
(414,6) (85,86) (361,302)
(255,355) (177,161) (263,393)
(103,233) (506,433) (511,178)
(93,272) (33,62) (421,131)
(420,65) (351,204) (37,64)
(273,145) (346,200) (178,119)
(249,369) (451,103) (506,432)
(407,6) (114,147) (225,304)
(503,427) (423,92) (473,86)
(490,291) (459,374) (509,402)
(407,87) (180,155) (471,228)
(92,160) (314,75) (168,157)
(397,107) (374,81) (431,145)
(314,87) (326,82) (365,216)
(255,367) (439,146) (340,180)
(470,94) (343,116) (368,200)
(513,399) (351,220) (261,277)
(101,55) (101,259) (482,196)
(284,285) (493,294) (457,193)
(82,235) (364,183) (132,158)
(132,145) (458,109) (470,426)
(80,140) (428,4) (495,448)
(243,256) (410,96) (26,142)
(96,125) (497,456) (52,151)
(222,275) (115,124) (167,158)
(395,110) (477,291) (327,210)
(383,108) (70,176) (247,282)
(287,280) (472,358) (427,34)
(384,112) (108,235) (386,58)
(325,122) (227,132) (434,377)
(114,242) (103,119) (61,144)
(421,102) (279,234) (424,30)
(54,165) (498,437) (67,132)
(440,140) (424,142) (181,144)
(252,201) (469,131) (77,146)
(433,124) (450,442) (289,94)
(484,449) (399,106) (43,56)
(336,101) (82,123) (496,458)
(208,277) (226,135) (330,118)
(386,238) (221,133) (65,155)
(368,253) (279,118) (38,62)
(178,148) (340,277) (438,425)
(321,100) (343,214) (431,132)
(478,82) (257,212) (241,368)
(104,151) (461,81) (260,134)
(247,145) (357,257) (93,92)
(384,107) (296,275) (495,291)
(475,110) (477,435) (57,51)
(122,239) (255,243) (365,228)
(258,236) (110,260) (247,388)
(339,238) (276,229) (72,62)
(79,143) (421,95) (95,218)
(258,157) (210,299) (73,131)
(127,147) (338,242) (63,80)
(230,274) (368,284) (102,76)
(138,58) (83,161) (259,386)
(450,313) (448,241) (396,0)
(431,59) (122,153) (13,130)
(433,74) (476,298) (496,186)
(497,449) (477,422) (464,378)
(277,128) (364,232) (72,55)
(344,239) (453,269) (286,274)
(324,62) (90,106) (449,130)
(63,100) (46,62) (92,110)
(96,190) (359,244) (373,69)
(251,235) (88,69) (118,77)
(252,390) (96,184) (486,385)
(41,72) (459,292) (255,299)
(421,190) (443,429) (296,289)
(497,259) (480,150) (432,90)
(97,159) (356,221) (126,62)
(140,51) (206,286) (401,33)
(367,293) (482,350) (496,442)
(356,292) (259,132) (322,210)
(292,241) (262,318) (245,375)
(113,123) (166,142) (204,142)
(478,314) (38,154) (141,154)
(347,228) (416,236) (165,136)
(71,171) (182,115) (366,237)
(365,260) (321,241) (435,165)
(274,133) (458,440) (348,83)
(287,129) (433,143) (475,155)
(380,216) (313,85) (444,395)
(368,66) (337,125) (366,79)
(471,253) (245,384) (489,267)
(385,233) (497,441) (451,111)
(444,402) (449,374) (474,182)
(505,395) (468,354) (341,74)
(467,88) (323,60) (73,131)
(472,180) (479,461) (59,121)
(473,207) (84,119) (500,440)
(479,164) (478,295) (407,4)
(461,448) (346,114) (420,91)
(397,77) (35,137) (266,238)
(191,151) (454,355) (494,282)
(382,229) (403,4) (92,85)
(347,303) (144,82) (220,141)
(508,441) (329,103) (443,416)
(480,303) (358,0) (165,153)
(83,240) (324,91) (485,382)
(463,265) (468,316) (371,59)
(199,152) (74,57) (349,214)
(100,108) (467,311) (281,89)
(454,458) (441,228) (61,106)
(115,270) (455,263) (240,303)
(283,281) (437,241) (399,239)
(346,78) (95,234) (427,68)
(374,242) (518,178) (97,139)
(394,243) (74,98) (133,132)
(396,120) (238,132) (167,130)
(111,265) (143,129) (485,297)
(118,138) (347,178) (464,402)
(492,357) (79,162) (159,121)
(247,349) (129,135) (288,231)
(478,224) (115,115) (45,74)
(73,62) (439,172) (157,158)
(254,376) (343,91) (354,251)
(503,387) (499,402) (59,171)
(77,113) (385,123) (302,238)
(95,96) (466,383) (416,96)
(481,187) (265,132) (242,381)
(365,88) (259,139) (330,71)
(253,393) (446,176) (320,98)
(197,143) (372,242) (444,398)
(453,320) (84,238) (154,121)
(86,263) (11,132) (243,367)
(92,256) (287,102) (44,69)
(112,165) (119,265) (285,125)
(305,87) (126,70) (286,299)
(341,282) (435,91) (104,56)
(259,323) (257,297) (153,131)
(474,168) (257,254) (362,221)
(321,215) (402,33) (67,112)
(418,168) (461,351) (452,87)
(461,140) (235,139) (114,72)
(52,109) (494,377) (448,430)
(202,303) (494,275) (469,173)
(490,466) (54,131) (256,223)
(471,312) (242,245) (363,213)
(245,244) (459,102) (360,211)
(467,304) (165,149) (278,289)
(275,126) (69,51) (232,132)
(474,160) (55,158) (349,212)
(329,225) (503,439) (80,117)
(61,163) (348,104) (25,155)
(88,232) (177,123) (362,208)
(448,89) (94,64) (95,82)
(475,452) (493,269) (250,264)
(173,124) (507,178) (249,328)
(478,431) (188,135) (83,266)
(284,287) (118,229) (475,258)
(412,239) (92,82) (63,154)
(493,295) (108,165) (495,456)
(92,106) (200,278) (252,284)
(125,249) (475,150) (477,146)
(256,348) (87,135) (421,2)
(57,153) (342,302) (477,181)
(285,144) (97,267) (459,365)
(129,100) (218,274) (476,416)
(501,448) (48,81) (452,134)
(62,145) (257,377) (41,150)
(471,220) (351,204) (400,17)
(71,68) (149,160) (515,192)
(453,228) (148,132) (145,79)
(109,147) (430,56) (412,12)
(463,285) (243,366) (90,110)
(490,321) (88,202) (258,264)
(420,100) (442,398) (356,79)
(53,57) (435,445) (417,84)
(117,57) (252,260) (347,209)
(340,185) (284,115) (407,98)
(413,23) (331,55) (486,377)
(432,145) (116,143) (344,96)
(306,302) (81,105) (441,86)
(451,386) (197,279) (359,259)
(447,371) (21,152) (361,73)
(243,380) (492,263) (290,95)
(367,214) (465,291) (466,162)
(464,229) (403,98) (467,110)
(246,338) (477,437) (481,156)
(91,61) (361,127) (315,233)
(223,297) (494,441) (221,142)
(461,227) (235,279) (370,257)
(478,320) (502,432) (249,272)
(280,118) (481,334) (100,144)
(283,286) (85,102) (196,152)
(343,83) (206,296) (178,139)
(355,189) (434,233) (242,192)
(360,241) (368,215) (427,58)
(460,439) (426,34) (129,265)
(258,150) (424,51) (475,297)
(14,129) (464,92) (140,57)
(71,147) (83,199) (102,169)
(249,231) (253,155) (114,260)
(461,354) (460,261) (67,123)
(481,231) (192,142) (476,267)
(401,84) (341,230) (496,418)
(72,68) (443,436) (42,61)
(426,57) (476,99) (383,100)
(295,303) (305,235) (248,383)
(424,17) (99,238) (365,271)
(512,180) (87,258) (89,236)
(79,131) (110,262) (85,139)
(51,113) (487,291) (333,107)
(454,455) (355,61) (416,230)
(489,284) (177,130) (249,310)
(38,118) (471,442) (330,212)
(384,118) (250,0) (482,452)
(480,138) (250,347) (382,220)
(241,133) (455,465) (101,101)
(112,131) (75,143) (37,77)
(74,128) (364,249) (108,136)
(454,264) (394,113) (92,133)
(465,164) (469,327) (462,135)
(476,206) (36,134) (247,356)
(100,272) (415,8) (445,384)
(72,62) (424,59) (266,286)
(48,74) (383,233) (490,305)
(481,334) (465,141) (357,242)
(242,327) (372,74) (487,191)
(82,55) (446,133) (511,193)
(463,322) (476,137) (162,128)
(205,285) (462,308) (359,186)
(526,191) (362,102) (494,193)
(104,142) (353,183) (283,298)
(289,144) (250,198) (84,189)
(213,292) (460,95) (166,146)
(105,55) (251,343) (366,88)
(82,148) (115,147) (251,288)
(487,305) (61,56) (365,274)
(166,136) (325,252) (323,114)
(363,103) (463,229) (463,269)
(528,182) (145,127) (462,92)
(98,136) (47,66) (391,107)
(121,171) (473,459) (371,58)
(259,139) (374,59) (104,118)
(101,162) (405,32) (252,290)
(478,97) (354,76) (503,378)
(129,152) (483,417) (102,113)
(455,102) (277,120) (136,53)
(398,101) (129,261) (471,103)
(90,214) (272,276) (224,143)
(87,52) (90,52) (527,183)
(180,141) (128,53) (336,74)
(302,302) (278,125) (189,155)
(483,95) (55,147) (298,294)
(44,114) (75,145) (299,297)
(156,130) (448,404) (391,102)
(76,148) (468,335) (130,157)
(340,185) (458,317) (116,51)
(86,258) (56,132) (205,280)
(216,306) (148,161) (353,59)
(308,233) (376,49) (467,270)
(351,246) (31,117) (105,98)
(125,140) (348,53) (462,145)
(442,89) (379,247) (407,12)
(381,56) (98,156) (368,242)
(91,195) (97,216) (72,78)
(24,119) (495,280) (388,85)
(287,128) (38,142) (146,160)
(389,225) (492,453) (348,245)
(309,239) (232,131) (425,46)
(240,285) (315,72) (324,239)
(275,111) (142,139) (246,369)
(161,143) (107,113) (90,145)
(477,199) (96,247) (502,432)
(278,275) (243,136) (493,439)
(473,352) (279,143) (383,242)
(279,276) (84,204) (315,50)
(489,318) (501,411) (37,126)
(348,54) (282,276) (312,233)
(60,107) (251,141) (306,78)
(456,283) (481,134) (338,256)
(288,83) (422,170) (454,91)
(55,66) (145,157) (464,142)
(351,178) (427,14) (269,275)
(127,150) (427,65) (138,115)
(458,322) (82,247) (125,254)
(255,364) (47,161) (416,10)
(496,437) (484,294) (276,116)
(94,59) (56,159) (246,295)
(450,405) (482,422) (437,428)
(431,237) (85,151) (364,207)
(192,124) (502,436) (345,123)
(465,88) (461,99) (419,238)
(465,100) (101,161) (54,162)
(471,313) (452,228) (305,239)
(266,229) (116,141) (41,155)
(58,64) (415,229) (290,290)
(201,131) (64,125) (360,294)
(94,175) (26,120) (450,454)
(481,374) (272,142) (249,357)
(103,261) (447,227) (478,306)
(290,303) (137,154) (38,122)
(476,218) (482,451) (171,138)
(360,65) (498,0) (480,97)
(450,366) (377,252) (380,226)
(287,92) (325,73) (476,106)
(286,108) (314,124) (476,427)
(93,164) (105,238) (501,440)
(343,60) (111,233) (254,141)
(77,160) (101,71) (106,139)
(271,144) (497,334) (249,183)
(459,265) (87,57) (373,216)
(459,377) (362,218) (30,118)
(472,431) (454,453) (286,303)
(65,175) (483,462) (427,126)
(512,421) (233,286) (491,270)
(450,112) (254,150) (471,364)
(428,56) (482,374) (385,90)
(276,290) (131,129) (172,156)
(490,184) (507,437) (451,440)
(98,174) (361,103) (293,239)
(247,307) (482,402) (476,250)
(99,138) (446,231) (146,57)
(342,302) (181,142) (432,182)
(350,277) (348,234) (164,119)
(495,376) (255,234) (350,65)
(243,297) (365,67) (293,95)
(319,233) (495,300) (59,123)
(463,266) (355,207) (345,256)
(444,92) (277,116) (469,169)
(436,396) (459,442) (358,292)
(258,217) (325,79) (243,242)
(341,112) (196,289) (445,240)
(122,230) (284,144) (517,178)
(253,270) (131,81) (379,75)
(480,272) (276,137) (128,146)
(246,249) (485,383) (180,134)
(119,159) (346,82) (82,218)
(87,57) (61,150) (333,250)
(422,115) (523,188) (93,161)
(134,71) (41,52) (437,434)
(454,137) (495,363) (491,303)
(465,240) (436,420) (317,66)
(210,140) (450,109) (96,241)
(208,297) (430,71) (341,79)
(252,260) (259,0) (479,435)
(508,393) (117,144) (313,66)
(466,324) (462,100) (451,105)
(510,183) (334,243) (263,274)
(242,374) (205,135) (480,414)
(528,0) (427,239) (358,211)
(372,236) (185,153) (203,291)
(332,215) (95,202) (325,110)
(81,64) (88,77) (427,13)
(342,295) (85,201) (89,94)
(182,158) (96,79) (432,26)
(331,111) (252,279) (345,235)
(246,276) (347,207) (509,186)
(159,134) (466,370) (350,103)
(274,288) (434,20) (359,119)
(340,84) (469,420) (490,295)
(417,10) (257,269) (481,327)
(468,223) (255,148) (274,228)
(348,295) (256,390) (80,155)
(206,297) (125,151) (399,232)
(345,283) (64,144) (258,378)
(33,80) (43,149) (175,152)
(252,386) (414,94) (72,107)
(248,138) (276,298) (228,274)
(170,160) (365,0) (120,271)
(423,124) (87,59) (84,83)
(355,177) (355,101) (242,262)
(481,104) (421,119) (384,210)
(331,56) (131,69) (123,114)
(262,240) (54,74) (89,226)
(475,433) (506,432) (96,116)
(342,201) (471,309) (364,302)
(122,126) (369,115) (394,251)
(436,430) (120,58) (89,202)
(121,173) (248,242) (442,91)
(509,389) (470,272) (271,274)
(280,288) (444,144) (512,449)
(482,193) (164,117) (289,231)
(472,428) (88,81) (248,354)
(490,383) (479,210) (93,211)
(454,265) (36,160) (132,120)
(360,183) (464,437) (88,168)
(265,239) (123,160) (443,394)
(502,432) (168,132) (98,120)
(46,146) (199,305) (254,267)
(99,165) (200,131) (421,169)
(492,311) (474,224) (321,128)
(468,95) (61,62) (481,290)
(342,129) (368,253) (454,134)
(350,251) (82,212) (61,129)
(479,365) (482,265) (84,100)
(258,381) (337,287) (417,232)
(508,425) (469,150) (440,88)
(349,119) (473,370) (352,113)
(493,378) (244,256) (277,118)
