(291,231) (15,131) (95,103)
(163,160) (470,272) (33,150)
(410,10) (58,63) (271,280)
(394,68) (100,67) (212,279)
(379,233) (394,120) (408,88)
(434,134) (467,437) (483,309)
(481,407) (449,444) (462,233)
(503,441) (125,70) (453,274)
(180,126) (470,306) (83,134)
(118,76) (418,19) (357,83)
(342,69) (412,5) (487,452)
(80,119) (107,163) (466,466)
(113,259) (291,287) (481,416)
(493,385) (107,135) (402,236)
(193,147) (508,372) (479,350)
(461,182) (67,140) (464,277)
(133,79) (286,113) (481,294)
(250,374) (45,145) (433,39)
(461,304) (483,355) (428,236)
(311,72) (257,293) (122,108)
