(35,217) (213,175) (31,148)
(52,134) (223,134) (22,61)
(16,49) (128,143) (193,130)
(229,233) (27,68) (137,241)
(53,142) (201,76) (230,183)
(80,36) (240,41) (161,92)
(219,121) (26,120) (48,207)
(83,45) (22,3) (197,111)
(96,17) (160,93) (150,175)
(113,111) (97,51) (118,18)
(170,81) (55,190) (165,135)
(101,234) (240,43) (210,198)
(35,51) (148,96) (11,236)
(130,131) (116,236) (56,104)
(228,72) (233,139) (57,159)
(173,175) (134,8) (70,105)
(204,179) (122,106) (187,66)
(94,156) (135,239) (3,162)
(113,71) (222,171) (242,242)
(176,185) (217,54) (41,111)
(88,91) (183,115) (72,45)
(187,62) (148,109) (28,134)
(80,97) (25,26) (239,117)
(231,219) (155,192) (60,195)
(139,64) (233,149) (246,118)
(141,18) (211,204) (116,192)
(106,189) (214,184) (12,194)
(250,184) (24,148) (166,60)
(210,242) (108,215) (159,16)
(99,122) (243,52) (211,113)
