(50,29) (17,97) (195,121)
(252,183) (35,76) (14,192)
(99,168) (60,194) (9,115)
(138,233) (105,197) (12,85)
(4,108) (8,23) (40,230)
(115,192) (1,2) (47,179)
(247,137) (100,112) (144,153)
(16,29) (223,81) (227,132)
(86,61) (134,180) (12,146)
(127,29) (38,147) (7,80)
(114,239) (40,71) (219,49)
(81,64) (99,247) (150,192)
(192,242) (164,191) (83,221)
(81,251) (193,250) (87,165)
(118,11) (85,130) (255,180)
(106,128) (207,190) (176,38)
(190,228) (244,44) (42,198)
(190,198) (36,223) (194,124)
(237,230) (83,84) (0,84)
(29,209) (156,226) (73,240)
(131,104) (157,59) (174,22)
(134,3) (238,71) (231,110)
(180,5) (12,7) (112,38)
(7,81) (82,255) (37,89)
(100,50) (151,130) (165,190)
(139,62) (1,48) (40,148)
(140,62) (199,191) (84,130)
(159,137) (99,23) (205,242)
(82,81) (112,36) (182,177)
(60,250) (234,77) (5,150)
