(2,147) (163,113) (248,32)
(10,229) (123,99) (156,94)
(112,69) (172,15) (46,206)
(192,16) (253,78) (251,71)
(192,194) (150,220) (25,238)
(6,1) (88,37) (81,14)
(141,208) (172,255) (2,92)
(246,45) (239,190) (152,44)
(113,59) (244,138) (144,219)
(70,114) (186,122) (107,243)
(101,251) (147,93) (186,45)
(232,155) (63,101) (100,108)
(214,50) (174,188) (158,138)
(139,29) (89,154) (196,146)
(205,180) (10,50) (196,149)
(224,109) (235,1) (207,30)
(122,176) (107,245) (246,73)
(55,198) (205,244) (220,101)
(171,1) (46,162) (39,35)
(212,204) (205,229) (253,250)
(238,44) (139,245) (105,225)
(121,104) (116,12) (252,186)
(76,141) (141,139) (55,251)
(153,67) (216,63) (33,120)
(111,217) (151,126) (226,232)
(203,181) (0,92) (101,241)
(189,36) (161,41) (55,165)
(62,42) (183,134) (145,76)
(90,70) (159,29) (253,72)
(44,160) (186,170) (124,130)
