(254,29) (68,229) (244,2)
(81,247) (236,140) (101,32)
(203,136) (228,3) (64,191)
(11,122) (92,11) (20,114)
(36,25) (22,45) (253,129)
(177,47) (199,78) (202,192)
(136,165) (247,238) (206,233)
(123,107) (193,210) (172,130)
(20,21) (173,198) (52,209)
(56,195) (5,161) (44,73)
(102,182) (79,215) (128,7)
(215,171) (8,177) (88,139)
(183,207) (5,156) (188,119)
(229,45) (18,246) (162,232)
(206,19) (9,121) (76,219)
(25,44) (56,72) (24,210)
(69,8) (47,155) (66,242)
(11,244) (117,10) (113,87)
(187,114) (217,12) (81,32)
(98,119) (124,99) (8,197)
(54,121) (40,182) (185,221)
(171,181) (136,157) (75,51)
(191,221) (10,34) (172,32)
(133,206) (137,153) (27,75)
(241,163) (103,19) (114,127)
(69,252) (61,230) (31,10)
(20,174) (19,133) (189,122)
(248,36) (68,26) (252,13)
(230,6) (143,207) (129,50)
(115,228) (153,215) (216,129)
