(74,55) (23,17) (176,46)
(82,222) (148,75) (135,117)
(210,180) (243,179) (214,19)
(215,153) (212,233) (110,212)
(182,6) (128,82) (19,137)
(197,117) (128,173) (238,93)
(177,40) (218,58) (183,178)
(120,205) (116,97) (242,132)
(19,58) (188,64) (78,194)
(7,93) (48,215) (69,201)
(101,97) (121,26) (250,14)
(3,119) (64,141) (242,20)
(65,27) (143,112) (12,5)
(106,80) (149,65) (25,43)
(183,33) (152,113) (43,208)
(0,148) (63,158) (164,124)
(50,97) (4,92) (84,171)
(94,37) (91,128) (238,12)
(220,34) (71,243) (167,127)
(227,84) (65,185) (23,17)
(132,224) (26,203) (196,76)
(34,50) (228,169) (86,39)
(52,26) (65,50) (129,202)
(50,186) (39,145) (217,248)
(134,88) (112,16) (214,25)
(163,13) (12,8) (79,217)
(122,181) (228,135) (184,187)
(202,4) (45,159) (163,114)
(33,154) (125,241) (79,233)
(255,15) (45,221) (45,163)
(66,134) (139,114) (214,64)
(100,45) (90,178) (118,24)
(92,103) (26,203) (30,222)
(120,75) (167,243) (98,210)
(169,28) (211,32) (125,226)
(186,148) (66,115) (207,175)
(248,23) (174,31) (112,245)
(188,89) (14,52) (224,227)
(56,30) (51,171) (46,177)
(137,66) (196,183) (8,165)
(206,240) (210,124) (68,51)
(216,18) (24,246) (11,124)
(11,186) (250,155) (5,164)
(207,229) (67,62) (87,246)
(109,93) (21,102) (110,238)
(144,163) (69,94) (137,113)
(193,251) (190,177) (138,89)
(42,108) (173,232) (204,187)
(212,45) (194,146) (212,255)
(165,141) (43,187) (177,227)
(190,229) (26,76) (193,248)
(144,222) (225,185) (168,196)
(200,8) (71,222) (248,249)
(17,69) (97,34) (107,166)
(142,180) (151,198) (88,119)
(2,159) (118,160) (174,170)
(92,7) (66,11) (165,224)
(51,123) (150,130) (63,181)
(160,10) (88,156) (9,177)
(75,93) (41,236) (88,115)
(106,182) (128,46) (216,173)
(67,251) (6,136) (130,201)
(197,245) (23,178) (119,83)
(114,91) (3,18) (84,204)
(77,223) (91,157) (60,150)
(13,23) (83,217) (3,82)
(65,231) (174,101) (247,64)
(63,90) (159,239) (212,98)
(5,35) (221,110) (188,9)
(17,69) (51,80) (23,241)
(201,86) (152,21) (147,226)
(213,97) (66,211) (50,66)
(94,220) (68,105) (112,215)
(232,168) (234,75) (200,86)
(66,168) (157,240) (96,175)
(100,114) (183,121) (61,27)
(233,169) (253,196) (108,150)
(173,207) (28,24) (169,218)
(133,183) (212,32) (175,7)
(38,231) (38,180) (150,144)
(47,195) (179,181) (7,192)
(217,246) (101,60) (84,45)
(31,175) (87,67) (247,196)
(81,161) (54,167) (3,27)
(107,84) (137,248) (149,72)
(161,124) (183,148) (224,173)
(83,29) (167,140) (80,194)
(66,50) (27,62) (85,187)
(145,160) (164,63) (251,13)
(47,94) (54,35) (20,102)
(247,217) (111,233) (227,26)
(177,22) (139,52) (58,177)
(72,212) (5,51) (42,142)
(242,233) (23,247) (203,142)
(198,15) (65,33) (46,106)
(244,44) (186,169) (125,243)
(213,85) (198,52) (205,195)
(155,217) (221,226) (113,255)
(120,146) (189,202) (39,50)
(36,194) (44,66) (115,211)
(96,145) (165,223) (132,236)
(88,215) (245,159) (136,214)
(194,209) (171,179) (102,20)
(164,216) (236,170) (218,23)
(26,112) (88,183) (99,212)
(53,44) (69,184) (198,244)
(27,155) (239,68) (48,221)
(26,51) (157,28) (122,240)
(22,63) (253,29) (124,28)
(76,9) (220,178) (52,83)
(222,212) (192,7) (17,235)
(118,173) (205,230) (122,72)
(185,9) (152,18) (127,147)
(15,98) (35,44) (182,117)
(253,230) (182,62) (142,195)
(185,139) (30,173) (6,108)
(164,215) (132,82) (76,94)
(84,43) (210,91) (189,91)
(38,149) (209,47) (214,189)
(16,222) (218,95) (183,155)
(47,73) (55,133) (89,225)
(149,109) (162,134) (106,222)
(202,13) (249,229) (7,66)
(215,40) (180,212) (202,107)
(77,56) (156,136) (247,136)
(44,60) (16,80) (243,13)
(92,16) (61,168) (178,219)
(8,67) (13,190) (118,17)
(91,210) (137,183) (221,65)
(167,105) (204,89) (147,111)
(185,210) (102,228) (59,188)
(218,230) (173,223) (103,45)
(208,99) (7,73) (26,52)
(254,15) (131,81) (26,25)
(78,255) (206,205) (36,72)
(52,236) (110,238) (240,86)
(117,141) (196,242) (37,24)
(216,133) (93,239) (25,112)
(178,182) (44,60) (88,156)
(18,220) (150,174) (218,14)
(151,241) (11,235) (82,38)
(72,172) (29,202) (47,198)
(58,231) (201,107) (126,113)
(79,170) (154,70) (86,236)
(107,12) (63,250) (213,176)
(113,121) (186,16) (132,128)
(186,6) (89,182) (64,216)
(156,172) (1,248) (110,184)
(7,92) (92,245) (13,22)
(154,149) (133,51) (200,214)
(69,70) (139,192) (157,201)
(61,192) (158,30) (93,51)
(198,133) (107,171) (187,158)
(42,89) (227,46) (82,97)
(66,212) (248,33) (115,154)
(216,137) (47,29) (96,136)
(160,10) (149,122) (61,77)
(16,88) (245,121) (69,212)
(138,37) (205,77) (130,79)
(197,16) (188,41) (5,22)
(34,72) (22,179) (59,106)
(143,182) (150,45) (215,67)
(120,18) (228,114) (250,141)
(200,111) (210,248) (87,208)
(222,90) (56,103) (223,108)
(166,225) (148,232) (141,19)
(173,237) (115,241) (123,67)
(186,2) (58,42) (212,241)
(178,145) (213,36) (45,137)
(143,28) (151,240) (9,96)
(127,48) (93,20) (174,108)
(167,235) (115,112) (94,143)
(39,215) (138,18) (170,55)
(185,180) (218,221) (165,170)
(134,208) (241,65) (95,173)
(1,0) (143,247) (148,10)
(3,50) (89,174) (35,151)
(219,224) (97,106) (38,203)
(90,65) (108,100) (4,154)
(129,232) (25,13) (34,74)
(244,160) (184,116) (193,97)
(141,23) (149,164) (63,168)
(95,155) (225,97) (83,82)
(245,156) (212,186) (161,17)
(11,173) (140,157) (177,180)
(73,234) (103,132) (48,94)
(208,229) (174,189) (25,135)
(152,165) (233,59) (103,187)
(95,237) (151,177) (170,140)
(91,15) (119,95) (17,16)
(112,252) (83,46) (103,133)
(117,200) (63,18) (40,164)
(160,78) (148,85) (130,183)
(5,87) (52,167) (233,115)
(67,37) (250,22) (249,27)
(143,235) (33,152) (15,80)
(122,78) (19,138) (78,36)
(161,12) (225,224) (68,20)
(239,87) (42,253) (22,62)
(37,251) (108,228) (100,43)
(141,2) (23,127) (137,201)
(117,253) (24,46) (198,233)
(75,241) (0,208) (23,105)
(17,251) (156,19) (213,82)
(219,159) (191,1) (15,61)
(229,115) (17,27) (110,229)
(149,255) (163,29) (212,16)
(89,118) (196,157) (129,81)
(57,170) (109,97) (78,93)
(41,225) (195,5) (49,23)
(184,156) (255,107) (44,243)
(222,220) (86,10) (216,235)
(20,250) (85,80) (198,83)
(101,56) (158,168) (94,4)
(249,254) (41,92) (164,102)
(16,98) (46,206) (250,197)
(167,210) (42,130) (60,113)
(4,145) (140,243) (65,85)
(190,153) (88,82) (80,43)
(123,111) (228,25) (74,179)
(110,9) (91,202) (14,237)
(100,59) (128,230) (159,169)
(255,85) (31,50) (141,69)
(103,189) (62,16) (248,0)
(179,223) (254,130) (70,158)
(16,144) (44,206) (161,27)
(10,88) (76,209) (145,76)
(136,23) (26,243) (213,56)
(151,24) (147,20) (237,124)
(65,32) (70,254) (233,0)
(79,86) (6,33) (153,147)
(240,93) (164,64) (48,155)
(85,224) (178,213) (52,95)
(168,241) (122,170) (130,212)
(2,30) (239,166) (42,0)
(184,55) (185,142) (60,252)
(64,236) (204,117) (128,32)
(2,35) (56,250) (68,213)
(43,221) (68,87) (38,123)
(211,41) (97,56) (159,201)
(227,78) (21,81) (46,150)
(53,107) (31,179) (182,114)
(148,74) (15,88) (219,156)
(246,203) (146,172) (29,99)
(12,172) (188,19) (136,218)
(147,164) (152,39) (167,160)
(160,199) (242,203) (124,80)
(104,66) (4,118) (0,106)
(225,96) (253,137) (160,89)
(65,106) (52,189) (5,89)
(239,105) (103,219) (145,210)
(14,53) (214,127) (171,66)
(172,126) (72,225) (113,89)
(75,154) (93,13) (0,68)
(13,93) (180,62) (204,177)
(180,55) (144,78) (23,98)
(36,90) (110,115) (211,18)
(47,65) (148,156) (129,124)
(115,179) (104,219) (63,177)
(217,190) (139,159) (25,8)
(27,239) (195,152) (231,174)
(89,6) (62,0) (164,234)
(102,0) (248,234) (25,208)
(44,91) (125,151) (181,178)
(106,37) (170,244) (186,141)
(219,125) (245,18) (226,112)
(168,68) (172,168) (186,222)
(120,206) (231,159) (5,15)
(237,76) (90,244) (230,73)
(144,124) (235,148) (43,30)
(67,226) (101,73) (220,43)
(6,103) (103,93) (98,228)
(73,10) (122,45) (95,254)
(89,244) (71,210) (105,193)
(134,159) (121,143) (38,221)
(93,214) (238,160) (233,58)
(197,27) (179,143) (184,39)
(245,144) (151,197) (76,10)
(80,182) (243,120) (99,3)
(248,157) (111,37) (43,208)
(44,53) (31,74) (234,218)
(246,60) (75,163) (218,34)
(250,136) (16,251) (68,28)
(37,175) (55,118) (82,125)
(178,45) (11,226) (248,205)
(179,5) (32,91) (215,100)
(235,207) (186,53) (15,182)
(194,153) (57,20) (212,16)
(175,170) (29,21) (6,141)
(155,167) (186,10) (69,89)
(65,190) (74,106) (22,180)
(254,38) (92,63) (40,210)
(71,89) (66,254) (208,95)
(222,172) (133,78) (75,36)
(122,238) (84,164) (240,165)
(88,227) (221,190) (0,32)
(217,88) (244,74) (171,127)
(49,42) (154,178) (203,140)
(105,217) (163,154) (65,185)
(130,5) (207,77) (207,180)
(76,89) (169,152) (136,162)
(162,25) (72,128) (76,86)
(46,184) (249,98) (155,226)
(235,241) (180,124) (92,62)
(255,149) (34,177) (161,237)
(138,200) (135,245) (17,47)
(127,251) (170,97) (209,193)
(64,187) (212,203) (43,186)
(81,37) (250,133) (208,247)
(85,92) (66,72) (98,100)
(20,7) (183,219) (205,160)
(108,117) (158,240) (126,194)
(47,218) (126,145) (184,35)
(206,167) (241,113) (27,209)
(85,17) (64,164) (9,228)
(180,132) (228,184) (4,139)
(134,179) (189,160) (90,132)
(168,203) (72,235) (88,180)
(249,39) (193,132) (143,101)
(135,184) (154,85) (59,48)
(227,118) (41,0) (100,246)
(63,246) (73,226) (159,170)
(45,43) (88,162) (223,250)
(146,201) (132,212) (177,31)
(203,234) (56,241) (79,120)
(124,125) (156,149) (138,162)
(221,37) (180,117) (201,110)
(160,255) (98,197) (98,222)
(16,189) (88,130) (253,99)
(58,127) (148,118) (48,164)
(159,223) (53,85) (141,182)
(49,102) (112,226) (220,95)
(47,171) (212,182) (163,123)
(245,4) (148,0) (89,204)
(99,27) (56,19) (218,253)
(230,231) (39,71) (21,69)
(255,220) (10,62) (225,160)
(255,117) (227,82) (210,144)
(18,247) (34,73) (52,245)
(71,188) (129,44) (97,176)
(59,144) (83,61) (50,137)
(127,244) (188,41) (223,84)
(161,173) (43,219) (143,194)
(253,30) (199,5) (142,201)
(103,51) (242,144) (118,71)
(153,123) (23,192) (172,84)
(33,45) (247,210) (211,187)
(225,102) (44,236) (244,125)
(182,225) (24,70) (207,239)
(21,249) (4,72) (73,48)
(140,232) (197,223) (97,196)
(184,46) (31,40) (54,38)
(95,46) (107,223) (136,28)
(64,208) (124,27) (22,80)
(71,253) (151,132) (170,163)
(186,86) (240,111) (161,51)
(120,100) (121,39) (176,234)
(168,25) (226,174) (175,179)
(2,56) (35,121) (23,190)
(66,135) (112,243) (212,90)
(96,252) (135,220) (98,51)
(144,40) (19,221) (2,146)
(207,0) (142,70) (197,63)
(125,199) (141,18) (25,118)
(5,231) (191,247) (152,40)
(54,32) (178,149) (216,246)
(37,247) (146,201) (75,44)
(104,57) (3,34) (245,73)
(205,209) (128,108) (33,93)
(67,233) (45,229) (111,187)
(17,67) (83,12) (215,149)
(12,233) (74,253) (129,231)
(140,141) (127,133) (177,164)
(50,254) (115,66) (29,249)
(200,244) (44,135) (70,46)
(63,244) (61,249) (80,51)
(100,108) (35,73) (125,241)
(150,144) (166,243) (92,3)
(211,30) (19,253) (214,194)
(139,231) (175,99) (248,237)
(7,2) (171,255) (140,168)
(71,205) (93,217) (174,239)
(6,247) (144,57) (96,222)
(163,199) (1,143) (151,73)
(222,90) (93,225) (48,251)
(84,93) (157,78) (11,181)
(183,189) (59,76) (154,201)
(130,82) (192,1) (222,62)
(206,81) (119,81) (236,144)
(120,198) (69,70) (114,248)
(143,230) (226,25) (5,122)
(61,201) (146,160) (148,62)
(176,70) (26,183) (242,198)
(54,173) (161,58) (218,50)
(97,236) (163,210) (113,212)
(189,128) (11,79) (199,228)
(153,241) (42,162) (64,230)
(162,240) (216,16) (190,60)
(190,180) (182,62) (243,69)
(119,123) (38,146) (254,212)
(146,31) (14,2) (223,134)
(185,152) (196,18) (119,38)
(191,199) (20,115) (73,18)
(7,119) (23,100) (62,35)
(150,112) (44,162) (245,225)
(138,17) (138,13) (194,154)
(186,180) (130,243) (164,157)
(249,226) (130,62) (102,250)
(148,193) (213,125) (198,191)
(104,244) (241,121) (246,120)
(235,5) (8,249) (79,201)
(67,199) (14,235) (234,91)
(91,121) (222,162) (245,156)
(184,221) (151,87) (26,59)
(194,235) (142,194) (140,215)
(121,96) (109,83) (131,82)
(30,118) (54,125) (167,78)
(234,113) (210,196) (7,89)
(5,23) (163,120) (53,194)
(225,112) (235,56) (47,186)
(97,36) (59,0) (110,84)
(192,112) (101,210) (99,121)
(87,89) (184,153) (222,191)
(209,56) (241,143) (250,132)
(40,138) (245,59) (235,200)
(138,234) (218,90) (24,171)
(108,86) (91,4) (39,152)
(202,105) (23,128) (2,184)
(139,25) (78,125) (105,220)
(236,168) (84,137) (200,172)
(196,196) (136,61) (248,214)
(163,171) (213,101) (68,177)
(244,248) (68,217) (170,54)
(255,81) (26,238) (65,156)
(103,0) (182,53) (193,80)
(51,118) (227,163) (227,30)
(150,43) (143,185) (216,246)
(4,83) (189,154) (55,85)
(98,228) (115,240) (215,244)
(0,92) (166,203) (240,157)
(53,182) (216,174) (129,87)
(162,32) (152,232) (245,226)
(104,206) (21,137) (164,100)
(236,206) (95,58) (247,198)
(92,120) (155,247) (160,197)
(238,173) (122,114) (4,20)
(240,196) (96,224) (104,117)
(34,245) (233,77) (78,159)
(135,8) (108,166) (86,31)
(138,38) (11,188) (155,254)
(96,206) (219,73) (54,220)
(221,64) (95,55) (216,189)
(167,133) (24,176) (82,99)
(148,23) (149,107) (251,127)
(24,19) (132,93) (238,63)
(213,150) (108,103) (239,5)
(124,67) (217,29) (26,28)
(5,166) (251,70) (242,226)
(167,36) (62,190) (27,246)
(140,160) (236,108) (153,224)
(176,193) (201,87) (79,1)
(74,96) (13,32) (8,126)
(170,68) (83,172) (127,125)
(243,154) (60,161) (8,147)
(22,13) (198,200) (181,131)
(174,26) (252,228) (114,95)
(57,237) (104,54) (143,200)
(183,55) (50,35) (50,115)
(30,41) (28,203) (34,179)
(157,133) (174,87) (247,73)
(251,38) (218,190) (24,233)
(147,196) (110,234) (214,50)
(129,4) (158,166) (182,147)
(142,254) (233,175) (102,149)
(113,216) (79,124) (31,96)
(159,229) (143,219) (150,120)
(234,109) (84,42) (100,226)
(139,35) (100,114) (115,187)
(80,142) (166,140) (155,29)
(10,16) (153,164) (230,28)
(125,28) (220,138) (86,185)
(19,80) (141,3) (145,108)
(251,185) (235,177) (211,180)
(221,36) (8,96) (123,100)
(189,126) (103,27) (240,149)
(226,165) (149,197) (13,237)
(206,29) (98,222) (113,91)
(18,124) (251,240) (105,194)
(160,114) (104,94) (58,32)
(228,63) (81,128) (240,166)
(60,21) (74,6) (137,163)
(151,24) (183,177) (147,199)
(202,192) (9,75) (9,249)
(183,143) (152,24) (108,65)
(142,10) (12,88) (14,120)
(136,97) (42,221) (55,163)
(0,75) (70,212) (182,112)
(140,236) (220,63) (57,148)
(178,92) (137,67) (146,189)
(158,198) (59,87) (174,166)
(143,199) (145,116) (162,85)
(216,255) (237,39) (202,213)
(187,211) (69,67) (152,199)
(222,83) (241,182) (16,77)
(31,79) (244,179) (46,129)
(132,129) (163,208) (90,181)
(78,241) (18,177) (156,16)
(246,254) (88,8) (242,94)
(71,226) (94,179) (140,31)
(139,109) (93,181) (100,92)
(210,113) (244,58) (234,7)
(136,112) (246,223) (195,207)
(171,37) (239,229) (100,239)
(71,158) (127,108) (71,22)
(100,141) (232,35) (103,186)
(152,175) (11,244) (156,135)
(29,83) (205,197) (144,228)
(97,72) (164,136) (46,198)
(138,201) (29,173) (13,224)
(157,118) (239,122) (149,106)
(39,89) (95,220) (145,245)
(239,203) (178,65) (230,207)
(188,65) (85,92) (64,166)
(179,43) (161,246) (213,143)
(219,23) (116,108) (94,78)
(9,217) (210,149) (81,74)
(21,255) (89,40) (137,137)
(0,87) (163,96) (72,154)
(126,170) (59,117) (21,68)
(152,67) (163,114) (82,169)
(235,164) (107,64) (176,4)
(245,228) (230,99) (210,62)
(57,135) (206,239) (42,241)
(130,58) (116,231) (194,218)
(243,129) (252,230) (129,206)
(206,214) (76,126) (140,111)
(208,227) (133,4) (246,98)
(217,217) (1,147) (211,21)
(239,14) (200,81) (75,211)
(147,231) (54,31) (84,3)
(126,171) (172,51) (166,1)
(103,118) (31,218) (154,126)
(234,149) (242,226) (4,240)
(219,88) (157,230) (202,12)
(234,167) (216,194) (149,196)
(25,207) (26,214) (50,23)
(157,124) (230,98) (81,64)
(124,104) (140,233) (31,150)
(110,43) (147,47) (197,60)
(8,127) (28,140) (11,249)
(189,1) (232,175) (91,252)
(241,156) (232,219) (239,149)
(223,29) (121,214) (16,241)
(200,74) (18,139) (123,98)
(225,185) (166,86) (40,195)
(65,20) (131,87) (174,240)
(66,34) (186,14) (58,141)
(182,39) (18,100) (105,221)
(6,117) (159,76) (38,43)
(179,40) (23,244) (207,162)
(100,23) (82,106) (76,39)
(120,99) (21,23) (124,103)
(217,46) (210,93) (7,138)
(10,229) (240,147) (88,139)
(149,13) (111,133) (32,223)
(226,134) (68,115) (81,243)
(94,229) (214,223) (161,206)
(155,169) (127,232) (76,225)
(100,236) (93,220) (96,122)
(96,110) (161,46) (65,167)
(137,90) (135,251) (223,191)
(208,92) (140,165) (251,211)
(117,185) (205,28) (227,178)
(83,58) (99,124) (75,45)
(98,203) (208,53) (164,171)
(109,9) (84,228) (23,67)
(23,20) (128,27) (234,210)
(15,154) (55,82) (129,206)
(58,231) (193,143) (74,47)
(138,140) (215,99) (136,143)
(11,182) (176,193) (213,179)
(245,9) (142,196) (255,142)
(88,83) (33,95) (217,41)
(238,61) (169,238) (253,74)
(254,183) (231,175) (77,20)
(242,115) (68,181) (44,230)
(104,168) (132,11) (63,223)
(211,237) (47,39) (99,33)
(245,14) (15,179) (167,216)
(140,221) (100,174) (117,200)
(94,26) (11,62) (124,143)
(57,18) (39,137) (120,41)
(103,47) (19,51) (108,137)
(41,162) (147,117) (218,218)
(139,99) (20,116) (7,146)
(206,180) (31,171) (158,246)
(23,215) (34,55) (19,196)
(173,227) (242,65) (234,157)
(12,27) (197,240) (10,15)
(252,223) (25,97) (228,104)
(124,49) (238,47) (243,62)
(96,99) (215,49) (210,145)
(245,232) (87,63) (120,25)
(232,30) (83,161) (213,254)
(138,186) (169,209) (70,124)
(200,73) (188,148) (234,217)
(169,108) (80,107) (191,242)
(20,161) (165,187) (77,206)
(4,198) (93,101) (99,230)
(210,40) (33,249) (109,61)
(195,97) (23,250) (71,220)
(60,159) (64,252) (23,107)
(31,112) (123,228) (27,27)
(241,207) (15,49) (106,119)
(126,229) (83,80) (55,116)
(122,93) (213,181) (70,11)
(232,238) (246,100) (127,175)
(116,209) (8,21) (247,7)
(182,174) (91,9) (199,236)
(144,114) (109,167) (254,77)
(2,65) (84,111) (201,155)
(123,145) (110,213) (123,100)
(102,222) (11,55) (21,236)
(142,249) (205,168) (84,189)
(239,242) (189,5) (240,15)
(99,203) (29,53) (1,233)
(40,59) (215,40) (135,203)
(185,75) (245,157) (91,68)
(14,54) (151,105) (15,14)
(4,124) (218,247) (153,29)
(117,179) (254,26) (15,250)
(91,228) (79,64) (241,5)
(72,16) (3,161) (50,245)
(137,23) (230,42) (227,85)
(150,217) (221,183) (192,246)
(33,213) (31,209) (146,92)
(61,247) (21,32) (214,201)
(135,6) (27,138) (237,64)
(176,142) (80,88) (176,89)
(123,26) (64,103) (41,69)
(158,109) (62,246) (104,254)
(145,96) (175,182) (113,135)
(62,63) (73,12) (213,245)
(221,100) (158,252) (46,108)
(26,121) (102,94) (180,67)
(181,65) (228,235) (141,142)
(179,90) (127,36) (177,47)
(71,46) (90,242) (19,229)
(24,97) (128,252) (170,55)
(40,216) (160,30) (21,87)
(12,28) (140,215) (13,62)
(82,93) (198,71) (74,182)
(231,175) (150,181) (103,191)
(34,90) (64,22) (72,119)
(128,107) (158,58) (175,225)
(58,140) (234,142) (205,18)
(234,232) (192,242) (80,98)
(235,117) (77,164) (57,248)
(201,199) (202,28) (147,201)
(224,177) (70,210) (114,78)
(222,133) (102,224) (244,160)
(197,58) (244,147) (87,0)
(53,177) (234,139) (198,190)
(86,132) (244,72) (190,92)
(202,37) (50,34) (174,66)
(168,191) (98,124) (197,135)
(168,101) (4,96) (183,45)
(165,155) (123,236) (197,161)
(158,115) (81,191) (229,74)
(167,245) (188,10) (86,9)
(55,30) (195,72) (72,117)
(33,92) (168,61) (179,6)
(167,142) (239,254) (232,219)
(8,87) (255,59) (108,215)
(207,29) (230,98) (69,108)
(126,201) (80,162) (156,167)
(122,109) (240,44) (155,48)
(251,227) (96,204) (104,67)
(183,122) (45,131) (109,46)
(242,12) (58,224) (161,175)
(98,225) (82,234) (219,65)
(39,138) (5,194) (25,26)
(193,177) (117,67) (210,232)
(139,30) (219,180) (101,202)
(227,0) (134,54) (20,13)
(6,240) (66,215) (101,254)
(125,232) (251,197) (162,108)
(9,176) (247,255) (181,96)
(170,217) (183,208) (187,66)
(82,139) (134,124) (188,18)
(91,135) (175,223) (68,216)
(206,1) (3,118) (231,50)
(149,99) (202,81) (6,202)
(52,28) (126,168) (134,107)
(233,210) (207,180) (178,28)
(60,101) (154,33) (29,93)
(73,97) (244,222) (67,51)
(112,98) (255,220) (5,153)
(115,178) (25,27) (21,203)
(119,17) (92,160) (91,252)
(155,42) (129,131) (252,231)
(72,121) (227,207) (23,43)
(191,200) (169,212) (9,72)
(127,201) (62,46) (161,24)
(222,42) (168,36) (36,150)
(164,238) (148,233) (235,75)
(44,251) (58,45) (188,48)
(56,38) (9,231) (178,112)
(16,223) (83,86) (117,230)
(144,234) (142,136) (199,190)
(20,255) (38,233) (227,27)
(23,45) (106,152) (154,195)
(157,240) (61,67) (131,197)
(185,222) (161,253) (242,82)
(219,84) (15,5) (138,163)
(83,59) (146,207) (91,11)
(224,254) (150,171) (154,22)
(15,95) (108,87) (53,166)
(178,173) (161,123) (183,34)
(164,120) (167,126) (92,231)
(57,199) (60,240) (194,99)
(45,60) (219,218) (70,57)
(108,95) (18,83) (76,176)
(169,184) (240,129) (152,240)
(216,157) (12,91) (157,84)
(157,158) (82,1) (157,80)
(18,80) (100,204) (104,53)
(178,162) (244,228) (28,84)
(175,160) (111,44) (104,193)
(120,112) (61,117) (115,221)
(129,247) (50,230) (96,116)
(97,251) (214,29) (21,17)
(5,160) (30,131) (13,121)
(20,13) (73,206) (183,92)
(110,32) (235,73) (186,204)
(19,26) (165,223) (217,219)
(17,223) (84,41) (35,250)
(241,197) (39,105) (146,100)
(103,122) (236,154) (37,0)
(25,113) (232,38) (212,47)
(48,128) (80,72) (170,188)
(138,217) (45,253) (148,113)
(129,181) (160,77) (194,45)
(114,237) (163,142) (61,98)
(241,196) (101,182) (1,253)
(159,61) (173,165) (100,61)
(115,242) (188,115) (186,73)
(151,220) (251,147) (224,23)
(116,144) (135,63) (123,209)
(186,86) (10,31) (243,163)
(131,45) (169,104) (85,98)
(111,87) (91,3) (136,142)
(51,173) (173,214) (253,81)
(4,204) (23,89) (177,107)
(33,244) (44,109) (221,62)
(123,3) (129,86) (90,246)
(105,57) (160,136) (52,175)
(247,144) (84,143) (97,60)
(83,135) (214,84) (139,15)
(219,249) (47,215) (133,253)
(96,154) (28,26) (224,80)
(172,166) (228,170) (123,104)
(96,27) (150,84) (215,241)
(173,99) (162,55) (25,48)
(4,185) (157,24) (9,141)
(126,44) (246,202) (43,108)
(195,235) (219,229) (248,41)
(120,170) (123,130) (178,168)
(65,206) (252,34) (162,83)
(167,228) (167,214) (159,60)
(158,92) (250,234) (141,65)
(59,27) (116,71) (105,189)
(77,176) (44,98) (45,242)
(144,219) (24,159) (207,83)
(191,7) (98,24) (113,42)
(212,175) (92,34) (27,209)
(210,228) (58,27) (255,81)
(15,22) (247,36) (235,214)
(120,213) (39,159) (132,132)
(20,121) (59,89) (180,94)
(22,227) (219,121) (224,61)
(243,178) (37,54) (42,0)
(217,89) (215,222) (28,248)
(67,204) (146,91) (50,0)
(96,13) (176,121) (62,197)
(116,93) (238,183) (81,145)
(23,74) (97,34) (95,239)
(84,148) (121,99) (128,150)
(26,153) (43,242) (167,210)
(219,19) (207,185) (76,198)
(19,71) (24,133) (6,117)
(226,208) (115,228) (25,69)
(214,118) (142,255) (56,136)
(8,25) (2,59) (229,115)
(165,23) (5,251) (161,32)
(23,152) (216,221) (78,59)
(115,180) (31,241) (109,229)
(77,95) (31,138) (187,136)
(200,189) (87,210) (91,11)
(171,201) (191,23) (134,133)
(24,0) (93,120) (106,79)
(26,27) (183,229) (12,168)
(126,76) (191,7) (235,33)
(33,71) (226,49) (180,98)
(235,183) (73,141) (17,2)
(128,35) (80,249) (236,183)
(210,85) (139,219) (15,174)
(6,172) (218,106) (70,83)
(215,18) (81,60) (67,112)
(136,211) (37,143) (119,229)
(0,56) (23,196) (40,138)
(197,71) (217,190) (42,229)
(45,64) (226,36) (187,54)
(60,38) (243,190) (52,150)
(54,200) (18,53) (189,50)
(77,252) (43,216) (44,152)
(42,187) (147,196) (243,103)
(170,142) (188,10) (184,124)
(93,186) (97,101) (38,136)
(240,129) (8,0) (126,129)
(100,170) (8,63) (121,77)
(99,204) (29,24) (73,150)
(19,168) (61,196) (241,245)
(43,110) (7,164) (131,82)
(178,178) (179,109) (236,212)
(200,151) (208,139) (11,252)
(202,5) (27,72) (153,13)
(134,221) (31,17) (25,177)
(93,134) (12,142) (93,246)
(13,35) (110,14) (129,222)
(187,208) (190,75) (148,164)
(82,112) (71,242) (222,38)
(194,181) (17,100) (90,185)
(122,172) (144,119) (190,90)
(98,238) (118,59) (196,28)
(50,193) (79,236) (48,125)
(69,234) (36,140) (83,194)
(190,143) (219,41) (34,135)
(136,207) (197,63) (52,144)
(156,224) (228,69) (92,247)
(49,208) (157,11) (241,228)
(127,195) (27,208) (202,160)
(89,37) (83,31) (105,117)
(98,139) (10,74) (41,77)
(115,216) (111,137) (18,158)
(252,234) (123,188) (66,63)
(85,33) (112,119) (197,241)
(17,153) (58,124) (82,252)
(243,203) (221,67) (87,86)
(186,51) (166,140) (195,196)
(195,153) (33,139) (192,71)
(106,50) (224,73) (190,75)
(170,108) (200,77) (177,175)
(235,69) (161,38) (245,196)
(136,133) (54,107) (219,96)
(218,194) (45,254) (211,111)
(60,183) (80,172) (85,65)
(220,176) (5,145) (221,248)
(113,155) (109,228) (72,149)
(144,89) (17,75) (212,30)
(89,50) (32,19) (195,135)
(153,245) (83,6) (167,160)
(140,136) (38,198) (38,77)
(91,174) (101,254) (54,30)
(181,147) (200,133) (23,177)
(113,11) (160,112) (10,74)
(84,174) (124,81) (140,94)
(154,194) (186,124) (237,120)
(251,63) (220,173) (45,98)
(62,62) (5,124) (148,0)
(8,196) (15,80) (10,58)
(234,177) (59,232) (177,56)
(75,95) (52,255) (170,191)
(158,120) (94,152) (161,160)
(159,246) (206,100) (147,36)
(77,99) (197,212) (68,202)
(197,52) (224,176) (253,144)
(118,114) (247,34) (74,210)
(0,98) (23,234) (52,172)
(62,180) (250,94) (217,97)
(233,160) (81,147) (132,238)
(133,5) (208,180) (142,93)
(41,28) (247,20) (221,99)
(128,253) (64,18) (112,56)
(180,153) (124,223) (37,162)
(157,249) (86,133) (68,24)
(150,163) (204,215) (217,244)
(9,166) (226,64) (17,250)
(169,216) (130,42) (242,65)
(225,137) (68,41) (0,158)
(104,120) (254,98) (60,40)
(45,90) (28,10) (57,16)
(19,6) (63,22) (116,63)
(255,18) (169,0) (122,214)
(237,44) (57,161) (214,141)
(132,213) (194,249) (159,84)
(71,117) (114,133) (27,231)
(134,88) (246,14) (205,231)
(126,234) (157,159) (36,126)
(58,239) (118,238) (171,41)
(225,138) (48,105) (9,80)
(166,83) (48,94) (249,97)
(40,154) (46,24) (187,207)
(57,161) (228,212) (201,203)
(240,155) (85,32) (74,153)
(183,168) (130,49) (64,189)
(154,249) (150,234) (127,83)
(13,52) (75,59) (136,92)
(155,42) (0,233) (225,185)
(85,168) (147,172) (104,241)
(250,155) (176,146) (92,134)
(87,189) (104,57) (66,37)
(194,42) (72,19) (108,32)
(81,103) (226,165) (104,45)
(149,95) (64,140) (122,220)
(152,113) (120,100) (127,82)
(39,41) (130,76) (162,60)
(158,33) (100,184) (121,182)
(22,99) (60,46) (16,31)
(19,115) (214,194) (23,103)
(67,46) (132,230) (65,247)
(124,155) (130,156) (182,222)
(169,141) (55,191) (50,249)
(75,90) (14,214) (195,130)
(218,13) (90,192) (15,52)
(12,4) (28,212) (110,211)
(13,205) (248,194) (39,166)
(167,176) (125,219) (211,247)
(145,205) (33,15) (61,147)
(140,23) (37,225) (118,48)
(103,164) (249,94) (11,180)
(203,142) (77,164) (207,144)
(219,13) (85,43) (149,131)
(200,77) (252,62) (148,119)
(205,244) (12,114) (7,102)
(15,89) (136,157) (55,71)
(225,83) (209,32) (197,227)
(108,168) (175,235) (20,108)
(5,103) (180,57) (78,18)
(253,241) (11,148) (168,12)
(147,77) (183,132) (134,8)
(103,117) (110,188) (135,65)
(56,144) (201,3) (110,183)
(115,240) (21,232) (4,73)
(147,24) (168,52) (15,230)
(112,220) (168,133) (121,76)
(7,241) (162,239) (161,145)
(135,87) (33,105) (4,81)
(146,214) (58,122) (248,133)
(77,243) (142,94) (211,200)
(169,159) (109,97) (43,111)
(36,87) (166,27) (74,236)
(36,49) (89,26) (52,101)
(208,177) (22,70) (181,107)
(138,142) (52,68) (198,231)
(230,103) (237,93) (123,232)
(116,72) (105,164) (118,182)
(175,224) (73,26) (125,144)
(244,207) (49,254) (20,125)
(217,156) (130,73) (169,236)
(13,191) (125,178) (115,225)
(178,61) (24,133) (220,171)
(63,164) (184,34) (150,215)
(113,137) (178,164) (160,173)
(79,57) (206,97) (94,78)
(86,128) (81,223) (103,131)
(202,36) (85,29) (44,168)
(168,48) (36,115) (7,75)
(145,183) (233,151) (48,192)
(191,130) (120,18) (45,107)
(186,74) (141,204) (135,157)
(227,207) (115,11) (153,167)
(30,48) (70,255) (121,52)
(235,106) (61,148) (243,126)
(43,36) (87,11) (200,242)
(160,35) (3,167) (92,75)
(174,21) (190,152) (123,204)
(128,71) (171,53) (223,93)
(151,29) (171,24) (214,174)
(232,9) (48,63) (167,220)
(54,253) (189,226) (75,119)
(84,31) (128,6) (92,232)
(125,211) (148,38) (197,233)
(124,169) (57,238) (2,68)
(255,55) (132,9) (73,213)
(216,156) (28,104) (90,215)
(38,88) (241,131) (254,142)
(213,234) (106,249) (250,55)
(168,212) (253,96) (65,169)
(97,225) (120,104) (190,60)
(167,55) (115,110) (109,131)
(159,99) (111,151) (153,148)
(226,31) (194,251) (100,19)
(62,37) (137,206) (214,98)
(24,124) (10,221) (107,48)
(180,71) (104,184) (208,0)
(190,62) (228,241) (189,224)
(102,28) (243,222) (119,92)
(193,158) (217,192) (54,167)
(79,149) (65,41) (90,246)
