(104,106) (2,116) (15,230)
(210,40) (197,154) (4,147)
(52,35) (55,243) (184,226)
(211,41) (110,226) (91,63)
(247,72) (15,216) (73,88)
(236,216) (64,210) (189,227)
(205,163) (122,67) (205,248)
(35,130) (239,143) (233,30)
(23,9) (191,93) (71,153)
(139,116) (104,27) (130,155)
(169,134) (104,24) (152,21)
(64,15) (68,60) (8,253)
(133,248) (176,26) (115,36)
(88,228) (176,35) (42,166)
(6,0) (219,85) (233,235)
(61,40) (145,155) (170,97)
(254,233) (86,95) (128,175)
(112,62) (154,35) (223,90)
(6,26) (186,175) (41,59)
(193,44) (242,117) (12,90)
(19,160) (156,43) (249,221)
(69,53) (69,134) (245,162)
(10,30) (31,211) (107,34)
(102,128) (201,33) (204,203)
(86,110) (79,240) (172,208)
(46,171) (91,65) (64,69)
(56,36) (114,92) (47,174)
(209,51) (217,48) (53,126)
(196,224) (170,171) (184,124)
(25,178) (204,112) (142,116)
