(215,153) (74,61) (38,222)
(68,182) (128,41) (21,140)
(170,70) (101,52) (139,189)
(69,218) (53,231) (110,88)
(38,155) (89,245) (12,121)
(45,51) (146,79) (159,221)
(165,202) (81,37) (98,195)
(180,66) (211,40) (138,249)
(153,101) (149,202) (74,45)
(24,27) (72,180) (253,60)
(118,220) (62,143) (211,206)
(244,208) (33,211) (154,150)
(240,63) (144,70) (118,120)
(11,33) (55,31) (62,162)
(60,202) (123,231) (38,55)
(250,146) (218,107) (228,77)
(171,96) (112,60) (180,189)
(147,203) (141,24) (217,128)
(124,23) (149,66) (149,39)
(62,47) (50,20) (254,54)
(240,49) (101,83) (23,152)
(82,147) (207,173) (179,48)
(198,223) (103,25) (149,245)
(14,13) (150,10) (217,117)
(67,62) (7,58) (226,233)
(160,124) (35,75) (123,72)
(172,146) (247,20) (74,36)
(165,133) (64,63) (183,82)
(35,55) (172,216) (4,196)
(177,111) (67,74) (203,134)
