(239,197) (172,197) (243,96)
(52,30) (23,100) (65,132)
(226,226) (123,197) (4,25)
(203,163) (242,189) (96,46)
(195,54) (225,41) (57,55)
(57,181) (80,253) (76,22)
(194,133) (8,246) (147,159)
(16,215) (53,123) (107,195)
(139,248) (29,151) (153,162)
(178,214) (192,245) (78,232)
(23,214) (11,136) (33,101)
(0,154) (7,203) (119,62)
(92,254) (182,47) (234,11)
(176,216) (120,141) (137,250)
(130,178) (52,186) (45,132)
(21,86) (246,200) (248,55)
(222,97) (48,105) (67,177)
(153,6) (71,68) (7,10)
(4,208) (13,102) (94,217)
(7,36) (12,51) (148,40)
(115,211) (101,207) (148,174)
(70,238) (58,249) (197,75)
(17,20) (132,108) (55,247)
(186,65) (66,137) (75,144)
(66,243) (103,93) (143,117)
(20,242) (156,221) (149,219)
(52,238) (109,36) (161,141)
(198,10) (38,245) (219,61)
(57,44) (100,215) (69,132)
(236,115) (239,211) (177,3)
