(161,54) (173,235) (33,171)
(162,61) (232,67) (218,108)
(58,23) (245,66) (170,147)
(32,12) (96,108) (57,30)
(197,184) (129,50) (80,39)
(165,87) (91,51) (147,149)
(184,137) (238,38) (86,243)
(104,205) (42,247) (30,95)
(212,243) (214,138) (194,12)
(47,189) (183,114) (95,119)
(210,98) (190,123) (8,88)
(221,187) (245,178) (33,251)
(43,172) (241,161) (165,43)
(151,35) (143,34) (183,184)
(2,3) (36,95) (146,240)
(213,191) (113,128) (29,127)
(13,195) (170,111) (115,71)
(41,56) (115,191) (106,97)
(55,254) (130,253) (65,232)
(173,255) (64,68) (157,135)
(140,18) (204,82) (191,195)
(10,237) (179,162) (110,244)
(172,55) (100,146) (169,131)
(79,100) (76,53) (120,117)
(78,144) (42,247) (109,30)
(60,229) (230,1) (161,118)
(24,178) (103,201) (62,164)
(1,32) (63,44) (234,72)
(1,67) (166,96) (186,173)
(193,41) (214,16) (226,226)
