(112,91) (202,171) (103,169)
(224,95) (231,177) (215,42)
(118,221) (90,48) (5,124)
(106,119) (207,248) (226,60)
(223,25) (156,75) (232,217)
(8,168) (18,30) (191,46)
(127,207) (205,144) (76,230)
(105,210) (41,84) (95,18)
(175,191) (144,253) (93,48)
(51,169) (26,231) (119,248)
(1,241) (158,49) (35,150)
(239,185) (132,230) (10,197)
(114,31) (98,141) (90,30)
(191,209) (249,92) (78,231)
(46,67) (76,249) (9,99)
(140,112) (193,71) (57,126)
(167,113) (130,245) (232,107)
(6,124) (101,53) (170,54)
(96,71) (254,138) (238,143)
(203,194) (187,202) (49,243)
(154,226) (178,0) (93,227)
(57,87) (97,241) (53,179)
(59,73) (165,247) (59,143)
(14,137) (254,56) (84,33)
(12,7) (104,163) (79,235)
(101,189) (214,245) (142,179)
(236,42) (71,66) (209,21)
(133,59) (66,23) (35,90)
(168,240) (13,195) (240,141)
(105,232) (92,66) (203,109)
