(3,146) (172,198) (240,158)
(255,185) (222,226) (172,59)
(141,91) (34,90) (12,65)
(246,201) (178,164) (226,164)
(225,24) (40,39) (130,80)
(110,58) (212,53) (182,229)
(9,115) (27,14) (185,7)
(237,202) (121,207) (240,125)
(218,254) (76,229) (139,212)
(154,43) (203,134) (76,50)
(98,249) (57,101) (170,48)
(164,214) (4,243) (208,22)
(226,25) (230,155) (102,129)
(27,239) (121,101) (43,149)
(24,42) (45,175) (104,234)
(46,133) (9,117) (132,177)
(93,29) (157,136) (70,253)
(107,118) (97,237) (252,80)
(70,197) (48,123) (59,246)
(38,148) (45,65) (142,4)
(125,31) (140,96) (152,19)
(52,38) (163,93) (23,21)
(109,157) (114,74) (207,241)
(121,216) (173,126) (143,152)
(173,30) (166,109) (138,66)
(123,243) (230,233) (12,194)
(21,23) (55,175) (104,131)
(162,238) (180,0) (148,152)
(234,212) (125,192) (255,212)
(90,64) (182,221) (85,65)
