(456,277) (284,104) (346,159)
(406,275) (298,394) (373,289)
(82,95) (365,86) (528,147)
(224,90) (400,83) (332,214)
(335,424) (419,152) (222,286)
(347,155) (298,430) (374,337)
(302,495) (111,42) (463,235)
(139,111) (472,228) (512,217)
(508,165) (524,216) (105,149)
(531,142) (314,395) (460,280)
(96,99) (158,230) (147,215)
(283,510) (471,289) (224,276)
(268,274) (285,439) (376,275)
(113,42) (406,184) (447,110)
(288,400) (91,177) (177,252)
(248,447) (147,49) (564,85)
(131,38) (289,395) (323,166)
(366,339) (289,117) (340,86)
(247,440) (367,294) (408,112)
(107,151) (150,229) (441,65)
