(304,380) (250,117) (367,296)
(392,269) (357,238) (184,259)
(143,216) (314,112) (408,184)
(468,134) (133,116) (104,44)
(183,259) (285,490) (242,398)
(95,182) (396,150) (279,458)
(223,91) (351,254) (525,162)
(438,235) (485,230) (449,60)
(558,96) (222,97) (465,122)
(380,111) (368,307) (276,279)
(268,127) (379,265) (388,149)
(106,112) (449,105) (502,212)
(332,97) (256,281) (328,273)
(381,324) (512,217) (297,393)
(563,106) (221,277) (286,413)
(187,265) (293,278) (514,195)
(298,524) (381,94) (170,247)
(352,278) (507,49) (284,114)
(262,286) (304,343) (331,219)
(115,196) (447,112) (209,107)
