(294,491) (370,95) (333,345)
(414,174) (354,224) (227,83)
(458,234) (281,423) (410,165)
(249,413) (278,277) (487,112)
(480,33) (114,180) (321,221)
(523,156) (431,276) (164,111)
(529,180) (454,111) (309,507)
(157,223) (415,271) (156,228)
(265,107) (273,412) (143,114)
(540,165) (450,61) (482,89)
(161,230) (569,60) (491,148)
(297,432) (117,182) (308,282)
(544,119) (119,123) (407,90)
(309,345) (243,103) (358,279)
(381,277) (242,439) (247,435)
(113,160) (327,99) (127,115)
(248,406) (533,180) (458,117)
(434,61) (520,199) (245,428)
(515,213) (144,220) (461,280)
(497,153) (111,175) (309,386)
