(300,361) (138,36) (525,200)
(561,93) (99,43) (458,225)
(420,255) (462,225) (369,281)
(95,172) (488,228) (197,106)
(331,92) (430,231) (231,278)
(326,279) (290,498) (411,247)
(308,507) (108,126) (462,102)
(480,220) (131,198) (300,439)
(81,98) (413,241) (257,392)
(297,399) (344,277) (291,281)
(531,141) (312,335) (315,517)
(408,267) (535,153) (283,439)
(299,439) (300,449) (241,279)
(288,121) (572,85) (95,181)
(383,79) (467,97) (398,137)
(370,90) (285,494) (485,35)
(482,110) (268,417) (260,286)
(352,90) (488,145) (117,166)
(423,241) (353,338) (291,508)
(379,266) (290,103) (317,159)
