(331,267) (321,396) (246,115)
(296,98) (147,51) (154,110)
(302,388) (328,272) (439,42)
(335,100) (295,435) (101,117)
(264,136) (95,101) (352,122)
(481,24) (282,484) (283,487)
(422,246) (95,46) (292,444)
(159,107) (355,140) (252,395)
(488,143) (127,117) (147,224)
(503,217) (193,268) (518,202)
(473,223) (484,79) (529,178)
(101,149) (138,39) (331,273)
(282,388) (380,275) (279,440)
(313,334) (299,275) (524,161)
(146,202) (542,159) (276,459)
(275,433) (302,385) (442,230)
(290,101) (230,98) (536,138)
(278,142) (413,173) (460,234)
(350,130) (421,254) (104,41)
(250,444) (470,85) (316,512)
