(99,35) (517,204) (307,348)
(135,200) (443,276) (96,29)
(94,96) (120,34) (85,90)
(521,186) (276,428) (466,53)
(406,267) (289,411) (203,277)
(505,216) (309,336) (411,127)
(227,276) (357,101) (278,282)
(361,285) (128,119) (476,217)
(525,189) (393,153) (330,276)
(299,442) (380,75) (437,40)
(301,373) (278,433) (140,42)
(313,172) (366,273) (386,162)
(515,224) (119,157) (381,327)
(110,153) (224,101) (183,111)
(82,97) (117,193) (260,116)
(175,242) (438,54) (415,262)
(324,345) (240,104) (369,265)
(339,200) (310,335) (92,100)
(115,158) (472,52) (204,265)
(306,515) (522,153) (509,162)
