(225,280) (112,51) (345,280)
(293,122) (117,131) (512,229)
(173,249) (155,76) (340,168)
(354,115) (94,157) (531,120)
(413,255) (222,284) (279,389)
(199,113) (330,163) (356,227)
(197,108) (487,113) (109,40)
(283,95) (484,216) (523,205)
(537,167) (122,187) (564,86)
(295,98) (207,101) (243,426)
(520,153) (487,111) (142,94)
(406,249) (361,86) (408,163)
(299,398) (325,400) (325,283)
(524,151) (522,194) (448,282)
(542,118) (453,119) (292,393)
(162,117) (267,393) (351,135)
(358,235) (371,81) (457,230)
(532,144) (355,115) (491,69)
(486,62) (556,120) (355,344)
(184,111) (301,375) (348,87)
