(439,280) (239,272) (519,206)
(437,63) (417,267) (274,456)
(259,387) (254,115) (306,344)
(368,274) (272,430) (295,485)
(354,135) (427,275) (521,207)
(153,223) (168,240) (310,396)
(273,283) (81,102) (279,390)
(303,376) (245,278) (155,102)
(231,273) (441,52) (448,28)
(123,174) (372,313) (255,277)
(175,246) (512,199) (108,45)
(518,181) (321,414) (537,152)
(112,152) (266,120) (131,30)
(446,233) (472,85) (503,159)
(476,118) (253,277) (282,461)
(428,234) (121,181) (527,185)
(144,45) (376,323) (384,159)
(387,111) (497,222) (333,213)
(414,160) (156,227) (490,229)
(340,195) (139,208) (218,272)
