(381,142) (435,65) (146,213)
(500,155) (327,436) (247,434)
(105,48) (533,123) (270,284)
(175,244) (272,413) (488,71)
(557,108) (104,44) (114,183)
(288,480) (570,79) (154,230)
(466,280) (162,246) (294,430)
(302,377) (389,112) (325,216)
(490,109) (157,231) (350,126)
(527,140) (536,157) (157,228)
(486,66) (195,124) (476,56)
(437,63) (332,93) (530,173)
(367,139) (324,184) (249,448)
(344,220) (563,105) (309,185)
(228,85) (100,33) (385,88)
(271,392) (372,91) (524,146)
(283,505) (277,93) (106,37)
(172,239) (359,86) (469,120)
(338,423) (243,102) (459,77)
(322,399) (304,112) (321,180)
