(369,279) (513,240) (227,274)
(248,438) (489,109) (351,85)
(147,51) (465,280) (343,219)
(296,453) (495,38) (302,102)
(469,123) (454,109) (448,280)
(422,248) (335,88) (533,180)
(116,117) (153,235) (260,126)
(505,170) (101,31) (525,165)
(439,239) (374,86) (275,272)
(331,405) (275,454) (146,215)
(340,93) (408,90) (347,208)
(118,127) (227,99) (412,174)
(568,100) (547,116) (457,74)
(229,82) (421,241) (282,347)
(516,242) (119,171) (487,56)
(461,52) (472,139) (110,154)
(187,117) (536,126) (419,168)
(445,63) (94,169) (507,249)
(250,445) (281,386) (392,165)
(197,274) (163,114) (120,197)
