(124,24) (9,82) (27,55)
(77,1) (68,84) (101,106)
(68,51) (90,124) (111,83)
(108,12) (120,6) (85,84)
(94,48) (5,101) (34,44)
(94,70) (106,39) (91,75)
(86,57) (30,79) (105,84)
(103,62) (40,16) (25,115)
(11,3) (7,39) (81,28)
(82,120) (93,18) (109,18)
(49,92) (105,74) (116,77)
(87,52) (18,1) (100,96)
(81,78) (9,95) (100,64)
(57,16) (78,29) (37,94)
(2,5) (11,56) (9,49)
(57,13) (91,118) (1,114)
(79,110) (92,12) (72,76)
(45,56) (108,65) (72,124)
(69,41) (68,125) (37,127)
(52,3) (78,107) (125,59)
(113,77) (82,47) (16,34)
(122,32) (105,64) (12,9)
(94,105) (6,38) (114,106)
(51,42) (78,93) (69,30)
(6,70) (22,14) (124,24)
(47,106) (92,48) (7,1)
(19,118) (36,127) (5,91)
(87,35) (101,45) (66,54)
(57,119) (98,53) (10,30)
(74,106) (86,24) (48,6)
(57,72) (1,21) (37,18)
(60,50) (116,86) (98,12)
(32,87) (43,29) (52,1)
(57,2) (28,56) (112,9)
(27,75) (37,42) (112,57)
(34,96) (11,57) (40,75)
(21,103) (74,3) (126,59)
(47,113) (2,115) (54,34)
(127,99) (81,46) (109,123)
(123,32) (4,20) (73,90)
(32,5) (85,54) (93,83)
(15,48) (74,88) (83,21)
(36,41) (23,91) (75,1)
(106,86) (7,71) (69,47)
(74,35) (21,74) (75,48)
(104,75) (125,28) (100,64)
(51,94) (79,83) (24,9)
(10,113) (30,58) (23,24)
(66,50) (71,47) (74,20)
(69,59) (107,60) (62,111)
(5,44) (39,107) (11,15)
(73,83) (52,59) (115,113)
(127,5) (116,96) (87,76)
(116,56) (97,118) (116,53)
(118,89) (53,62) (80,66)
(76,12) (15,48) (125,42)
(113,80) (76,87) (43,9)
(65,39) (118,43) (61,109)
(45,60) (20,125) (49,54)
(49,93) (32,49) (54,1)
(97,86) (87,90) (52,27)
(29,75) (46,10) (7,64)
(11,118) (13,81) (73,28)
(90,18) (79,21) (57,40)
(8,9) (119,96) (97,94)
(107,122) (81,74) (68,49)
(101,92) (98,76) (104,35)
(109,56) (72,46) (19,106)
(59,5) (42,19) (64,68)
(4,127) (7,113) (108,111)
(117,98) (113,21) (37,81)
(16,73) (87,43) (19,71)
(49,78) (127,49) (24,87)
(124,84) (104,95) (12,83)
(68,113) (43,2) (46,112)
(30,86) (78,56) (98,52)
(10,34) (123,11) (100,109)
(57,57) (79,73) (101,62)
(8,113) (61,41) (109,52)
(60,112) (99,31) (58,113)
