(118,15) (74,9) (105,10)
(20,38) (116,48) (49,104)
(20,35) (9,7) (111,62)
(10,27) (115,98) (58,86)
(50,28) (46,93) (74,46)
(15,8) (91,125) (97,106)
(44,27) (19,90) (23,88)
(75,27) (96,127) (109,90)
(80,120) (33,61) (8,54)
(111,80) (53,115) (89,119)
(17,50) (52,105) (58,96)
(111,48) (44,41) (37,23)
(119,16) (46,91) (62,117)
(67,127) (109,112) (64,25)
(104,118) (122,43) (87,2)
(79,65) (16,110) (117,86)
(58,109) (97,2) (13,15)
(3,114) (104,95) (13,7)
(87,38) (116,19) (45,72)
(73,13) (74,93) (127,48)
(52,72) (86,112) (11,8)
(53,67) (100,9) (9,4)
(86,123) (102,117) (115,10)
(87,81) (20,109) (86,79)
(7,60) (48,59) (78,12)
(57,117) (55,42) (23,98)
(102,81) (40,35) (85,72)
(92,15) (71,80) (111,92)
(80,113) (68,113) (104,61)
(106,91) (98,124) (43,62)
(73,90) (105,80) (59,15)
(80,69) (116,84) (12,108)
(105,5) (102,74) (108,120)
(63,50) (23,92) (118,49)
(114,14) (119,35) (63,40)
(34,106) (120,58) (28,64)
(14,79) (117,104) (60,77)
(7,88) (115,32) (100,28)
(121,36) (122,78) (47,69)
(103,118) (88,89) (43,46)
(28,72) (94,64) (54,9)
(80,19) (4,77) (65,69)
(93,111) (125,45) (16,125)
(70,23) (8,49) (9,114)
(8,1) (33,114) (36,17)
(53,79) (64,13) (72,119)
(38,113) (65,104) (81,63)
(117,127) (99,48) (35,104)
(53,113) (96,49) (103,101)
(8,70) (32,2) (23,38)
(115,86) (4,30) (100,34)
(106,106) (41,53) (118,87)
(124,89) (30,93) (93,121)
(81,6) (64,12) (81,6)
(6,80) (45,101) (17,39)
(62,6) (40,104) (127,1)
(93,39) (60,107) (58,51)
(42,69) (96,76) (98,63)
(73,122) (10,20) (51,84)
(71,47) (23,121) (115,28)
(95,14) (109,115) (92,65)
(30,89) (75,15) (90,74)
(28,125) (114,19) (6,75)
(118,78) (74,52) (88,36)
(38,16) (6,2) (27,100)
(54,46) (57,11) (9,108)
(97,89) (4,5) (42,76)
(7,126) (48,26) (97,35)
(109,76) (14,127) (100,26)
(43,11) (51,72) (116,33)
(103,108) (68,45) (86,32)
(26,27) (59,120) (113,26)
(55,109) (86,30) (28,109)
(34,56) (47,6) (46,82)
(42,52) (83,50) (32,25)
(32,100) (82,118) (90,31)
(79,45) (30,98) (75,78)
(123,114) (38,113) (22,45)
(102,61) (29,80) (45,5)
(13,76) (6,32) (73,61)
