(81,100) (28,64) (106,41)
(17,109) (99,96) (36,6)
(98,68) (57,41) (89,17)
(102,49) (50,66) (52,119)
(62,87) (18,48) (95,29)
(52,34) (52,24) (90,21)
(60,28) (9,100) (51,114)
(56,109) (7,2) (36,79)
(59,6) (102,26) (103,88)
(48,24) (86,40) (17,113)
(63,118) (4,17) (54,2)
(38,94) (117,19) (34,88)
(117,12) (14,23) (44,30)
(13,35) (24,40) (101,58)
(86,15) (34,8) (47,21)
(10,52) (75,52) (26,98)
(112,85) (61,40) (67,57)
(77,61) (46,70) (105,78)
(36,72) (61,27) (58,105)
(20,56) (99,61) (86,119)
(87,23) (93,116) (55,104)
(61,59) (104,125) (30,115)
(34,50) (86,91) (49,15)
(14,123) (103,74) (43,59)
(41,103) (77,29) (51,10)
(48,85) (120,92) (32,63)
(61,79) (92,7) (16,96)
(19,8) (99,13) (74,114)
(44,118) (110,123) (108,54)
(31,37) (75,56) (3,72)
(1,81) (80,66) (79,27)
(110,53) (82,126) (40,64)
(86,100) (104,44) (10,119)
(23,85) (122,4) (112,116)
(18,21) (15,123) (103,27)
(70,103) (125,41) (61,43)
(65,97) (12,83) (5,56)
(97,96) (86,101) (84,99)
(118,126) (114,31) (43,67)
(32,55) (125,78) (6,122)
(58,8) (110,62) (24,121)
(119,17) (16,5) (3,125)
(14,51) (4,26) (59,109)
(113,65) (6,9) (22,36)
(25,38) (32,122) (24,111)
(68,118) (27,18) (90,84)
(105,107) (65,14) (124,125)
(92,84) (56,18) (95,64)
(54,45) (79,25) (111,127)
(113,84) (43,45) (108,115)
(50,10) (108,78) (6,12)
(4,119) (20,41) (46,77)
(21,98) (49,77) (112,20)
(31,71) (37,10) (70,99)
(70,121) (20,56) (21,26)
(121,102) (19,93) (123,47)
(71,29) (39,62) (104,47)
(26,52) (8,51) (22,4)
(20,104) (12,19) (74,71)
(115,81) (8,26) (109,31)
(22,21) (11,18) (69,71)
(65,116) (76,76) (116,8)
(97,117) (17,14) (116,119)
(57,91) (34,64) (67,62)
(117,23) (40,39) (5,49)
(72,78) (107,124) (45,30)
(126,122) (54,3) (19,29)
(114,8) (44,93) (86,55)
(102,48) (2,55) (82,5)
(81,105) (75,118) (27,99)
(27,20) (76,92) (111,120)
(123,117) (119,47) (80,97)
(60,116) (74,42) (53,95)
(93,101) (42,46) (47,63)
(119,122) (10,91) (9,49)
(79,114) (66,52) (62,57)
(107,91) (62,67) (37,113)
(75,13) (34,6) (25,123)
(34,114) (47,37) (67,115)
(63,96) (30,85) (34,41)
