(126,91) (70,119) (7,114)
(31,95) (118,25) (51,97)
(37,40) (93,41) (90,53)
(115,127) (19,15) (91,70)
(68,3) (5,125) (117,93)
(101,10) (92,106) (108,49)
(107,56) (80,60) (75,10)
(83,120) (71,68) (122,23)
(34,125) (103,27) (53,56)
(123,28) (49,114) (62,31)
(44,26) (19,126) (108,59)
(26,48) (82,122) (2,18)
(12,108) (22,38) (94,16)
(31,118) (27,121) (87,14)
(93,121) (74,12) (120,47)
(19,62) (123,41) (15,122)
(109,118) (8,13) (39,68)
(29,6) (86,85) (42,14)
(23,15) (103,51) (12,13)
(59,36) (76,39) (47,63)
(6,2) (125,55) (59,31)
(100,83) (77,115) (28,6)
(49,11) (70,112) (69,13)
(18,27) (85,82) (81,61)
(6,53) (122,17) (98,48)
(28,21) (93,109) (50,15)
(107,108) (33,41) (31,74)
(121,116) (111,100) (15,87)
(60,111) (119,125) (35,67)
(70,89) (50,86) (116,62)
(125,28) (111,17) (21,34)
(16,17) (78,96) (3,2)
(65,104) (79,58) (75,21)
(30,21) (24,37) (84,86)
(23,7) (58,52) (119,111)
(1,113) (65,123) (86,80)
(113,113) (71,26) (81,20)
(115,32) (19,40) (4,35)
(24,34) (95,27) (9,103)
(118,125) (115,113) (118,5)
(61,84) (16,124) (81,79)
(83,63) (18,99) (122,80)
(115,49) (80,98) (59,16)
(94,78) (113,114) (15,43)
(29,95) (47,57) (44,85)
(45,43) (71,78) (60,75)
(32,59) (79,56) (8,48)
(8,72) (61,40) (96,2)
(81,74) (70,72) (11,10)
(103,12) (67,38) (69,59)
(65,127) (45,78) (22,12)
(27,58) (21,45) (78,96)
(34,26) (70,13) (4,13)
(73,30) (93,93) (78,78)
(50,108) (59,28) (39,57)
(20,61) (115,6) (102,34)
(41,17) (104,12) (74,33)
(76,77) (18,69) (26,90)
(22,38) (99,42) (82,64)
(86,15) (80,57) (100,120)
(85,57) (26,37) (45,67)
(115,27) (68,61) (60,18)
(50,17) (100,94) (24,101)
(84,92) (115,94) (48,78)
(98,84) (90,104) (47,43)
(87,48) (27,20) (108,84)
(53,127) (3,19) (67,11)
(101,72) (117,117) (43,92)
(85,86) (54,98) (24,89)
(100,39) (43,117) (5,62)
(69,54) (87,122) (57,82)
(3,36) (109,19) (125,14)
(100,117) (2,23) (104,3)
(14,19) (63,61) (29,88)
(65,36) (12,14) (45,96)
(117,69) (16,86) (50,76)
(126,76) (117,72) (122,113)
(91,54) (74,52) (82,46)
(40,126) (24,94) (41,70)
(65,49) (76,59) (94,119)
