(84,5) (4,52) (3,35)
(87,94) (72,24) (110,10)
(104,41) (13,111) (16,38)
(46,72) (13,56) (40,25)
(119,2) (93,123) (103,20)
(67,72) (63,123) (3,48)
(7,76) (37,21) (81,71)
(91,71) (29,100) (6,91)
(119,66) (33,126) (19,10)
(70,124) (126,74) (95,114)
(48,118) (11,105) (48,26)
(118,10) (45,32) (74,17)
(103,92) (79,85) (73,101)
(16,98) (35,78) (15,107)
(91,77) (68,120) (8,20)
(83,26) (18,119) (23,109)
(31,53) (32,92) (83,119)
(31,1) (30,49) (10,108)
(60,15) (104,84) (106,21)
(8,28) (86,80) (31,67)
(101,109) (77,24) (31,117)
(2,118) (71,49) (40,80)
(116,123) (85,114) (98,41)
(75,86) (77,5) (56,103)
(70,12) (38,101) (7,122)
(46,53) (49,26) (38,92)
(114,89) (116,112) (54,81)
(10,91) (48,86) (40,89)
(127,26) (33,38) (61,60)
(29,19) (104,14) (103,16)
(31,81) (5,107) (106,110)
(94,92) (119,100) (118,60)
(98,107) (23,34) (107,26)
(51,104) (7,71) (31,50)
(49,85) (42,25) (5,46)
(125,35) (43,36) (60,84)
(27,35) (49,70) (119,47)
(78,68) (11,58) (16,13)
(38,35) (24,59) (89,113)
(76,41) (67,21) (30,1)
(85,52) (46,49) (20,32)
(61,89) (42,109) (37,23)
(96,87) (67,35) (82,5)
(53,34) (69,116) (67,100)
(63,17) (62,7) (6,122)
(24,24) (84,103) (94,51)
(63,50) (97,85) (71,116)
(12,110) (117,95) (15,116)
(89,80) (118,33) (98,111)
(70,27) (12,54) (57,124)
(104,69) (108,88) (39,65)
(88,16) (120,33) (37,38)
(93,4) (79,80) (5,8)
(113,64) (97,64) (124,32)
(46,46) (56,16) (72,33)
(63,68) (45,42) (120,2)
(60,53) (47,120) (16,9)
(126,116) (112,88) (29,116)
(60,61) (95,119) (27,81)
(50,32) (40,70) (5,22)
(33,13) (15,81) (87,52)
(96,42) (81,96) (73,72)
(107,112) (74,91) (45,36)
(118,75) (99,53) (109,56)
(95,93) (4,58) (113,101)
(31,82) (70,13) (73,118)
(81,125) (100,41) (86,68)
(67,90) (59,63) (30,51)
(36,105) (111,33) (113,113)
(38,114) (121,40) (68,40)
(43,47) (82,125) (22,67)
(61,49) (100,108) (127,109)
(7,85) (69,42) (106,89)
(46,93) (51,61) (102,63)
(111,47) (21,64) (118,124)
(10,87) (124,111) (69,122)
(21,97) (127,77) (53,101)
(10,25) (59,28) (85,24)
(62,126) (111,37) (74,79)
(109,53) (109,98) (26,95)
