(15,40) (91,24) (33,28)
(97,61) (40,29) (45,62)
(71,58) (93,94) (58,40)
(84,124) (15,106) (116,77)
(94,30) (31,3) (90,1)
(41,12) (30,64) (1,98)
(30,120) (21,37) (1,108)
(42,81) (48,86) (102,60)
(29,5) (115,108) (63,102)
(59,42) (82,125) (87,17)
(23,20) (81,47) (124,56)
(102,9) (48,96) (78,45)
(29,12) (39,45) (53,55)
(72,122) (8,80) (65,20)
(68,65) (39,105) (100,36)
(101,84) (74,32) (58,17)
(21,63) (104,125) (80,36)
(42,56) (61,74) (72,83)
(81,72) (15,126) (108,35)
(104,109) (106,25) (11,61)
(74,117) (106,51) (80,28)
(103,14) (116,34) (30,69)
(73,44) (20,61) (57,71)
(11,64) (44,34) (93,68)
(113,34) (17,87) (27,45)
(28,17) (1,38) (101,20)
(75,120) (123,26) (3,47)
(13,115) (36,66) (49,36)
(42,7) (4,116) (86,87)
(123,2) (20,78) (79,110)
(122,22) (63,116) (109,60)
(20,78) (81,70) (112,126)
(12,79) (83,91) (36,45)
(114,20) (70,104) (115,33)
(99,6) (31,126) (30,75)
(68,117) (16,57) (75,15)
(120,69) (51,112) (26,43)
(85,97) (62,28) (72,115)
(98,120) (28,123) (81,125)
(56,63) (22,82) (64,82)
(100,58) (7,53) (113,110)
(6,62) (108,37) (87,59)
(87,98) (113,95) (14,6)
(107,44) (31,36) (111,78)
(77,20) (57,47) (75,4)
(77,15) (7,88) (15,14)
(61,92) (4,60) (7,107)
(73,83) (100,40) (32,127)
(46,123) (41,114) (124,44)
(59,38) (53,125) (30,82)
(46,64) (21,118) (45,50)
(59,103) (28,119) (28,19)
(70,17) (39,84) (114,68)
(67,83) (107,27) (103,78)
(12,113) (24,123) (72,27)
(21,87) (56,78) (116,90)
(98,5) (81,98) (24,95)
(16,123) (124,63) (25,45)
(57,81) (60,47) (112,106)
(102,90) (93,15) (38,100)
(71,89) (46,116) (102,125)
(54,107) (8,116) (123,102)
(34,101) (114,116) (56,119)
(76,25) (110,45) (104,51)
(123,117) (73,8) (85,27)
(50,83) (45,114) (67,25)
(95,59) (105,85) (91,115)
(61,94) (91,38) (5,9)
(53,85) (93,94) (124,29)
(6,40) (112,46) (104,116)
(82,45) (113,105) (64,25)
(111,127) (30,14) (34,2)
(26,39) (6,60) (118,62)
(51,29) (62,26) (46,38)
(110,61) (39,32) (104,95)
(42,7) (94,51) (14,17)
(107,20) (90,19) (93,111)
(52,31) (98,57) (111,39)
(15,80) (40,98) (9,52)
(69,32) (61,11) (98,57)
