(48,10) (6,31) (33,15)
(126,115) (111,14) (118,33)
(4,102) (21,115) (90,66)
(81,101) (71,113) (81,119)
(122,113) (45,40) (108,8)
(5,51) (96,112) (82,8)
(30,121) (82,79) (95,122)
(4,111) (82,50) (64,15)
(96,74) (42,32) (24,102)
(87,15) (93,36) (64,10)
(114,64) (7,57) (73,119)
(16,12) (64,25) (78,80)
(12,114) (51,71) (11,73)
(33,20) (10,117) (123,45)
(48,48) (27,121) (111,98)
(54,48) (7,114) (47,111)
(112,63) (45,20) (126,2)
(40,85) (89,58) (105,71)
(42,4) (54,120) (115,4)
(6,47) (21,127) (10,65)
(126,85) (78,23) (30,59)
(80,90) (101,123) (99,96)
(53,121) (121,111) (21,6)
(82,63) (16,79) (64,107)
(50,7) (29,121) (48,63)
(122,65) (67,33) (90,63)
(57,101) (120,75) (28,116)
(64,106) (115,79) (127,67)
(67,114) (14,10) (95,95)
(10,91) (80,109) (15,109)
(22,75) (66,46) (100,56)
(72,24) (53,127) (69,4)
(74,126) (89,50) (116,17)
(105,18) (96,54) (25,71)
(72,89) (26,35) (53,118)
(113,60) (34,8) (29,69)
(56,98) (19,100) (112,116)
(4,76) (98,90) (83,117)
(98,71) (35,71) (76,28)
(45,36) (73,67) (15,118)
(34,57) (58,110) (126,79)
(58,124) (10,88) (86,115)
(110,54) (8,5) (35,103)
(115,37) (73,113) (79,118)
(61,77) (44,95) (45,102)
(23,27) (59,84) (70,28)
(127,56) (9,49) (118,104)
(58,120) (118,48) (45,118)
(69,73) (65,103) (66,2)
(123,101) (48,37) (7,33)
(122,99) (74,117) (51,66)
(20,84) (111,111) (51,3)
(76,56) (30,127) (4,44)
(126,37) (47,78) (57,24)
(81,120) (72,20) (57,117)
(54,94) (48,112) (59,32)
(48,110) (74,42) (97,119)
(40,85) (47,15) (90,46)
(24,55) (33,19) (116,37)
(105,97) (36,66) (19,83)
(72,59) (21,70) (98,72)
(31,75) (125,56) (118,67)
(35,58) (6,86) (80,48)
(71,15) (119,1) (64,65)
(46,105) (98,120) (52,14)
(23,25) (50,27) (14,110)
(7,7) (114,56) (31,113)
(5,56) (123,12) (95,28)
(83,32) (115,44) (53,29)
(58,48) (127,59) (13,38)
(72,7) (76,125) (100,108)
(95,104) (15,98) (84,123)
(74,74) (86,55) (21,38)
(127,85) (32,92) (103,2)
(48,110) (2,20) (54,5)
(100,104) (109,17) (33,9)
(7,9) (43,29) (23,49)
(53,112) (82,62) (30,75)
(80,23) (21,30) (52,10)
(120,9) (126,39) (65,123)
