(78,101) (122,24) (127,55)
(70,86) (67,120) (3,65)
(6,84) (28,14) (56,79)
(43,18) (117,4) (76,119)
(79,73) (45,120) (116,22)
(24,71) (106,53) (25,79)
(44,114) (8,12) (67,52)
(7,9) (112,67) (124,12)
(123,81) (33,113) (15,75)
(49,97) (20,91) (80,117)
(34,2) (105,100) (95,98)
(85,70) (34,4) (47,13)
(43,65) (113,118) (25,50)
(108,40) (23,102) (117,111)
(18,104) (107,113) (40,26)
(98,116) (111,42) (3,97)
(84,122) (59,54) (126,16)
(81,109) (91,45) (17,46)
(64,6) (75,107) (5,103)
(58,21) (36,85) (97,73)
