(76,111) (51,24) (45,60)
(118,13) (113,38) (34,54)
(84,116) (118,95) (126,47)
(38,88) (109,79) (14,53)
(50,105) (26,112) (40,69)
(31,94) (109,15) (42,80)
(100,114) (100,28) (68,97)
(50,47) (20,78) (94,7)
(35,8) (66,92) (50,96)
(50,82) (11,70) (81,56)
(103,13) (91,77) (71,56)
(33,60) (19,76) (67,88)
(47,119) (27,85) (38,6)
(127,93) (52,121) (16,30)
(36,11) (50,50) (21,92)
(80,93) (12,76) (4,58)
(26,114) (86,41) (19,39)
(99,64) (122,63) (16,69)
(63,57) (108,21) (68,72)
(97,41) (85,27) (104,127)
(111,58) (70,78) (74,91)
(3,25) (125,74) (41,62)
(31,97) (18,20) (14,114)
(51,46) (58,90) (105,71)
(54,121) (123,108) (100,19)
(56,80) (93,37) (115,32)
(73,116) (29,88) (68,34)
(15,109) (19,71) (90,66)
(18,113) (57,81) (58,9)
(61,10) (90,19) (43,28)
(42,109) (29,24) (64,26)
(25,102) (19,95) (99,95)
(2,12) (69,115) (48,91)
(106,86) (58,9) (108,51)
(78,86) (3,121) (11,124)
(18,28) (32,125) (112,45)
(19,107) (93,68) (52,90)
(81,99) (74,95) (13,109)
(7,10) (115,4) (94,61)
(58,78) (68,28) (42,95)
(89,27) (53,104) (9,94)
(125,51) (68,3) (114,64)
(43,21) (26,3) (48,100)
(104,46) (53,84) (53,51)
(87,75) (65,7) (123,19)
(122,83) (36,96) (45,117)
(56,66) (95,115) (32,123)
(23,86) (90,118) (102,90)
(30,51) (4,13) (104,46)
(38,58) (75,20) (27,55)
(72,69) (75,89) (118,69)
(114,50) (110,103) (12,37)
(117,109) (96,67) (10,68)
(101,101) (36,99) (41,19)
(6,32) (56,36) (99,91)
(36,13) (127,25) (29,42)
(83,118) (35,51) (103,69)
(26,8) (119,47) (22,79)
(115,96) (114,85) (103,44)
(117,30) (31,19) (8,39)
(26,67) (118,118) (39,52)
(87,53) (5,123) (111,51)
(74,48) (124,65) (118,115)
(73,106) (78,75) (69,113)
(19,93) (45,7) (19,15)
(70,44) (6,52) (34,40)
(55,7) (90,32) (70,29)
(50,6) (60,125) (89,105)
(108,30) (45,26) (11,30)
(92,108) (126,54) (101,48)
(83,65) (102,68) (18,40)
(98,98) (81,112) (83,23)
(75,32) (59,118) (112,71)
(119,94) (50,108) (116,3)
(113,24) (120,25) (43,34)
(3,75) (36,104) (119,78)
(124,108) (48,12) (117,38)
(30,126) (108,74) (65,9)
(97,40) (107,74) (23,74)
(61,15) (45,21) (64,3)
