(52,23) (18,49) (90,32)
(115,21) (83,47) (83,18)
(17,32) (127,7) (57,4)
(4,33) (80,57) (13,24)
(5,53) (59,13) (93,118)
(46,119) (74,25) (49,93)
(19,16) (17,112) (55,92)
(30,64) (120,68) (123,113)
(106,57) (104,108) (20,45)
(31,109) (64,53) (42,82)
(107,16) (112,69) (14,23)
(127,66) (11,120) (122,21)
(120,50) (9,44) (18,89)
(60,123) (26,88) (20,28)
(26,80) (117,45) (110,106)
(25,17) (120,110) (20,6)
(108,89) (111,45) (116,65)
(37,20) (67,10) (76,82)
(12,54) (54,101) (19,61)
(54,64) (28,106) (41,72)
