(33,67) (118,32) (124,117)
(65,26) (42,121) (114,22)
(70,53) (85,80) (113,83)
(113,34) (125,102) (19,39)
(63,26) (85,21) (110,71)
(31,94) (14,125) (59,114)
(79,21) (93,74) (20,98)
(48,119) (122,45) (97,5)
(35,35) (61,72) (121,59)
(112,125) (16,88) (70,5)
(112,70) (90,97) (10,46)
(2,70) (85,46) (122,62)
(55,29) (62,29) (79,11)
(4,34) (73,11) (16,20)
(101,28) (6,113) (23,98)
(2,29) (95,3) (67,88)
(122,49) (14,71) (64,55)
(115,38) (106,127) (94,101)
(25,18) (119,78) (106,7)
(52,44) (91,16) (8,100)
