(101,22) (98,96) (86,68)
(102,66) (80,90) (57,86)
(34,36) (57,26) (49,70)
(43,111) (95,100) (26,68)
(31,29) (101,52) (99,62)
(75,119) (83,7) (134,64)
(90,29) (52,110) (75,65)
(131,61) (61,100) (52,95)
(91,101) (144,70) (68,49)
(36,119) (50,16) (50,25)
(66,29) (80,75) (36,21)
(48,30) (96,102) (54,118)
(80,111) (66,90) (105,66)
(56,23) (133,71) (84,55)
(29,91) (100,51) (75,31)
(65,109) (89,94) (65,40)
(67,46) (75,55) (81,117)
(63,52) (96,108) (79,6)
(128,59) (73,135) (30,47)
(44,30) (138,66) (88,20)
