(53,40) (89,72) (32,38)
(46,68) (37,111) (77,13)
(107,73) (49,102) (95,86)
(65,114) (84,21) (53,79)
(150,77) (70,67) (73,91)
(156,74) (98,27) (57,84)
(82,40) (155,71) (68,75)
(133,72) (94,46) (67,68)
(36,29) (29,72) (128,78)
(87,103) (81,111) (76,89)
(48,27) (87,62) (101,52)
(76,66) (28,99) (96,73)
(27,45) (125,81) (115,69)
(62,38) (81,99) (27,55)
(30,117) (55,118) (52,115)
(34,48) (94,68) (98,56)
(78,18) (62,91) (46,110)
(47,25) (87,39) (74,101)
(61,118) (81,111) (58,63)
(147,73) (67,33) (30,104)
(36,93) (152,62) (85,16)
(32,109) (137,68) (57,40)
(94,74) (57,85) (78,19)
(62,94) (94,57) (128,72)
(62,34) (33,20) (50,111)
(27,101) (66,59) (127,83)
(70,18) (31,24) (72,87)
(93,28) (30,103) (68,75)
(74,70) (37,94) (73,121)
(60,46) (28,79) (90,29)
