(72,86) (50,27) (90,66)
(98,88) (53,118) (66,116)
(82,118) (87,119) (71,7)
(86,99) (99,120) (46,44)
(40,36) (97,100) (155,67)
(43,112) (107,77) (70,27)
(63,46) (33,51) (73,27)
(131,87) (75,62) (87,51)
(51,120) (124,80) (86,26)
(68,89) (106,62) (52,28)
(132,64) (99,114) (58,63)
(65,23) (38,102) (63,89)
(107,79) (75,124) (54,91)
(68,19) (77,66) (138,60)
(48,116) (81,52) (50,38)
(95,71) (81,101) (40,42)
(36,101) (68,129) (112,64)
(149,61) (33,29) (27,80)
(72,44) (77,63) (71,127)
(73,127) (79,121) (91,82)
(147,73) (80,75) (72,131)
(89,24) (106,66) (79,76)
(32,31) (39,95) (76,108)
(124,64) (26,96) (141,87)
(62,109) (131,85) (126,68)
(30,109) (93,29) (47,100)
(76,110) (38,89) (111,68)
(101,86) (76,45) (86,26)
(98,47) (83,126) (99,100)
(42,60) (43,119) (60,119)
