(45,92) (29,71) (57,116)
(127,81) (130,62) (29,81)
(132,59) (128,67) (97,29)
(37,27) (92,69) (44,31)
(50,79) (126,71) (77,36)
(38,40) (96,53) (82,126)
(91,27) (64,111) (72,37)
(87,70) (99,48) (84,46)
(58,52) (132,72) (75,133)
(52,86) (64,28) (99,93)
(75,123) (121,64) (68,107)
(52,103) (50,76) (116,76)
(56,27) (87,49) (90,36)
(121,74) (34,87) (58,92)
(75,9) (96,81) (103,71)
(67,76) (65,91) (28,35)
(75,112) (45,117) (44,56)
(67,51) (43,98) (106,64)
(86,47) (78,92) (116,78)
(67,33) (29,25) (34,27)
