(95,99) (91,100) (29,119)
(59,92) (40,39) (62,48)
(90,109) (89,60) (97,26)
(133,64) (49,109) (141,67)
(31,46) (46,74) (46,26)
(77,126) (32,86) (90,87)
(74,54) (65,88) (94,20)
(51,30) (30,37) (100,40)
(100,65) (93,94) (91,82)
(61,36) (79,31) (132,88)
(51,85) (73,94) (95,58)
(50,53) (62,86) (89,117)
(93,46) (65,40) (82,90)
(50,114) (48,26) (68,114)
(79,29) (113,65) (93,101)
(63,60) (66,47) (81,130)
(102,119) (46,49) (28,88)
(45,63) (35,102) (68,66)
(64,68) (94,79) (124,77)
(61,99) (84,94) (52,44)
(66,54) (73,17) (117,71)
(41,93) (33,47) (45,20)
(140,76) (93,116) (70,20)
(51,90) (56,40) (37,117)
(49,100) (47,28) (58,37)
(123,73) (54,90) (109,67)
(44,109) (74,15) (86,54)
(78,110) (68,62) (96,37)
(53,38) (52,89) (98,61)
(125,87) (50,92) (72,31)
