(73,86) (71,13) (79,91)
(76,36) (77,47) (52,58)
(60,30) (38,84) (41,84)
(148,66) (84,27) (31,40)
(128,64) (144,72) (34,45)
(39,98) (39,37) (77,57)
(157,67) (105,76) (82,129)
(68,107) (92,59) (66,22)
(52,29) (95,80) (50,66)
(144,75) (57,21) (46,98)
(98,79) (35,20) (101,59)
(76,10) (93,74) (97,47)
(118,78) (93,23) (90,63)
(88,62) (65,115) (69,49)
(90,20) (74,11) (28,66)
(59,113) (84,52) (101,49)
(87,20) (56,30) (86,38)
(32,50) (81,60) (105,77)
(82,122) (34,93) (100,120)
(30,51) (77,55) (71,31)
(70,38) (145,70) (69,76)
(77,11) (82,37) (38,113)
(132,73) (79,18) (94,108)
(32,100) (49,22) (44,56)
(42,45) (143,72) (56,40)
(150,74) (86,67) (74,19)
(127,64) (79,127) (52,35)
(85,76) (73,132) (33,38)
(45,118) (54,87) (84,108)
(42,62) (55,20) (156,74)
