(82,61) (68,30) (86,52)
(55,39) (80,122) (86,48)
(45,65) (57,64) (125,56)
(120,66) (70,22) (28,51)
(68,129) (71,7) (29,74)
(90,87) (31,118) (34,109)
(29,96) (89,24) (86,100)
(30,53) (101,73) (83,40)
(72,95) (110,65) (107,60)
(68,11) (74,53) (93,20)
(122,85) (91,108) (68,51)
(99,38) (87,38) (98,101)
(67,50) (62,112) (95,31)
(41,39) (67,53) (82,63)
(102,70) (58,44) (32,21)
(71,51) (84,116) (99,104)
(83,76) (51,76) (71,21)
(64,66) (80,61) (30,98)
(93,103) (52,34) (37,45)
(97,116) (117,71) (90,64)
(79,7) (65,27) (68,100)
(149,63) (27,104) (84,51)
(27,67) (50,40) (29,91)
(62,47) (97,64) (53,50)
(54,67) (75,8) (98,27)
(28,64) (86,71) (82,36)
(95,77) (138,60) (28,86)
(98,59) (64,66) (132,83)
(26,50) (53,14) (137,88)
(78,74) (91,51) (89,28)
(121,72) (64,55) (58,48)
(41,56) (76,12) (96,87)
(34,49) (67,24) (80,89)
(80,62) (89,89) (84,70)
(86,50) (43,30) (45,86)
(93,92) (82,14) (139,68)
(80,47) (60,74) (82,82)
(64,38) (74,69) (116,63)
(26,37) (58,67) (102,71)
(125,76) (77,53) (75,94)
(91,38) (54,99) (98,68)
(83,9) (83,13) (99,99)
(33,84) (51,48) (70,122)
(52,70) (76,21) (86,101)
(27,67) (65,27) (82,21)
(52,25) (77,72) (74,99)
(97,32) (95,100) (125,59)
(77,119) (28,111) (56,24)
(34,21) (75,9) (33,87)
(32,96) (81,39) (51,92)
(143,72) (86,26) (75,49)
(54,95) (139,85) (65,93)
(38,89) (50,101) (89,20)
(65,99) (28,77) (59,70)
(97,73) (70,120) (154,59)
(73,31) (64,116) (55,38)
(84,79) (50,38) (64,72)
(50,25) (46,54) (153,74)
(61,23) (57,72) (82,66)
(128,61) (51,106) (72,22)
(84,62) (76,13) (101,24)
(37,21) (135,83) (55,112)
(51,69) (151,68) (63,67)
(29,22) (46,79) (148,67)
(26,68) (67,31) (73,48)
(108,66) (81,112) (92,84)
(76,19) (132,79) (30,117)
(85,66) (60,95) (131,73)
(123,68) (82,90) (37,97)
(32,118) (92,68) (64,61)
(43,46) (30,50) (73,55)
(64,71) (79,51) (46,113)
(27,49) (66,128) (71,120)
(83,82) (93,88) (44,98)
(129,79) (66,123) (149,67)
(32,41) (77,13) (126,70)
(48,38) (90,74) (59,93)
(58,47) (50,112) (68,26)
(73,39) (66,36) (31,27)
(86,67) (57,101) (84,81)
(33,95) (42,56) (97,103)
(40,93) (30,48) (125,84)
(141,73) (100,92) (72,19)
(86,20) (141,72) (154,75)
(58,118) (62,103) (94,23)
(62,24) (114,63) (78,114)
(81,60) (79,54) (91,26)
(96,65) (49,117) (33,117)
(134,79) (69,11) (84,67)
(88,108) (135,84) (86,55)
(128,86) (58,38) (67,123)
(144,67) (75,37) (40,50)
(66,127) (76,109) (82,29)
(34,102) (37,88) (134,65)
(62,67) (83,121) (53,26)
(63,67) (58,38) (131,71)
(152,70) (55,102) (43,42)
(69,116) (99,91) (95,59)
(82,62) (128,80) (50,19)
(126,68) (56,84) (51,88)
(84,50) (59,109) (78,76)
(100,63) (35,30) (29,104)
(51,107) (76,7) (101,73)
(89,69) (94,83) (59,69)
(69,89) (47,71) (146,73)
(80,93) (129,57) (76,16)
(71,31) (55,116) (71,126)
(66,129) (66,107) (42,52)
(52,32) (58,108) (98,29)
(28,81) (56,103) (28,58)
(67,49) (87,30) (98,84)
(79,19) (81,26) (28,25)
(91,88) (55,91) (94,27)
(26,91) (42,23) (101,87)
(44,108) (97,112) (125,84)
(29,85) (80,127) (70,121)
(59,80) (75,48) (58,78)
(91,75) (99,55) (43,115)
(73,125) (85,109) (129,61)
(101,72) (105,71) (61,73)
(137,85) (48,112) (34,92)
(97,30) (119,67) (95,67)
(53,33) (34,91) (73,93)
(50,32) (39,93) (98,27)
(130,52) (41,109) (102,41)
(28,67) (69,29) (137,64)
(92,110) (81,121) (27,88)
(116,66) (94,76) (42,45)
(68,19) (37,23) (44,89)
(71,116) (130,59) (45,62)
(87,64) (132,52) (74,11)
(77,94) (55,54) (153,61)
(27,47) (80,103) (92,23)
(51,31) (96,27) (129,70)
(63,73) (68,112) (52,22)
(89,118) (123,63) (29,42)
(61,102) (97,52) (29,50)
(69,47) (89,52) (91,50)
(65,46) (130,65) (102,27)
(90,54) (33,40) (30,119)
(98,73) (152,61) (45,52)
(82,93) (78,79) (26,74)
(85,91) (127,57) (87,47)
(98,59) (46,25) (74,38)
(32,46) (27,38) (99,90)
(115,62) (42,22) (38,102)
(65,85) (66,27) (37,118)
(67,28) (88,119) (42,20)
(99,107) (108,70) (27,36)
(71,15) (100,37) (115,72)
(72,129) (28,50) (80,114)
(26,95) (124,55) (130,57)
(61,27) (43,25) (81,54)
(74,36) (32,48) (61,113)
(93,71) (90,31) (91,24)
(108,64) (147,65) (44,114)
(61,45) (86,116) (106,66)
(94,89) (55,95) (84,21)
(98,95) (101,65) (31,90)
(54,24) (32,93) (95,102)
(72,53) (61,109) (43,63)
(40,29) (71,103) (26,19)
(69,34) (34,116) (117,69)
(122,73) (90,53) (91,21)
(52,46) (84,110) (137,70)
(64,27) (86,66) (59,21)
(70,119) (78,40) (51,117)
(54,120) (72,128) (79,87)
(137,66) (46,54) (71,109)
(47,117) (65,22) (80,111)
(79,75) (48,23) (28,65)
(68,28) (82,123) (51,86)
(88,65) (92,51) (127,71)
(69,38) (101,54) (76,118)
(71,53) (153,74) (76,70)
(33,85) (156,70) (32,87)
(131,69) (81,124) (52,117)
(53,54) (66,114) (99,120)
(52,54) (51,61) (136,72)
(80,51) (58,64) (79,62)
(83,37) (41,31) (127,79)
(28,109) (110,68) (80,124)
(46,117) (66,73) (63,60)
(101,87) (69,91) (59,113)
(26,48) (87,67) (139,62)
(96,75) (52,79) (57,94)
(72,10) (103,71) (71,88)
(130,81) (78,27) (94,76)
(69,48) (28,49) (111,66)
(62,28) (55,85) (102,104)
(60,72) (75,49) (54,68)
(98,59) (51,61) (33,25)
(96,65) (62,71) (120,65)
(62,91) (69,27) (61,90)
(83,15) (155,76) (61,94)
(85,38) (67,29) (75,102)
(94,93) (129,81) (133,54)
(129,65) (90,93) (32,110)
(45,94) (76,9) (56,88)
(73,89) (46,94) (81,89)
(150,62) (84,40) (34,112)
(141,75) (99,66) (62,116)
(63,72) (40,88) (57,69)
(84,20) (81,112) (125,58)
(87,119) (57,78) (90,60)
(81,99) (95,82) (72,89)
(28,68) (60,63) (95,99)
(65,75) (52,58) (87,27)
(60,72) (111,75) (36,37)
(154,60) (52,120) (98,84)
(132,55) (96,104) (60,33)
(75,64) (53,70) (81,66)
(138,71) (84,17) (72,129)
(81,14) (80,128) (81,18)
(31,91) (91,37) (137,62)
(59,92) (72,85) (44,98)
(100,74) (71,14) (146,74)
(51,101) (81,45) (115,78)
(93,46) (97,43) (68,88)
(88,112) (33,55) (101,83)
(47,28) (71,27) (75,62)
(52,32) (70,131) (129,71)
(38,98) (98,50) (28,92)
(99,93) (58,75) (63,38)
(57,75) (53,65) (54,100)
(97,41) (85,101) (45,83)
(57,103) (122,71) (149,60)
(53,53) (57,62) (83,116)
(98,75) (93,24) (45,62)
(83,16) (69,126) (59,99)
(59,65) (79,108) (45,111)
(84,121) (125,82) (68,101)
(59,52) (134,59) (125,88)
(123,52) (50,15) (31,91)
(71,94) (38,109) (66,75)
(93,70) (93,92) (47,23)
(118,69) (63,119) (74,114)
(149,75) (56,36) (68,28)
(102,30) (41,29) (83,100)
(92,38) (61,61) (86,100)
(55,116) (75,25) (42,36)
(128,84) (87,73) (74,48)
(30,21) (92,101) (153,68)
(124,64) (98,56) (128,68)
(53,77) (60,88) (135,70)
(66,128) (95,78) (32,87)
(38,99) (85,102) (80,8)
(36,114) (58,34) (75,87)
(91,116) (134,75) (28,75)
(74,111) (130,58) (74,8)
(85,40) (70,45) (76,27)
(93,55) (79,89) (82,8)
(77,116) (51,117) (53,83)
(126,62) (78,94) (57,94)
(138,67) (86,74) (98,30)
(129,64) (63,76) (27,102)
(57,115) (151,62) (83,122)
(53,84) (79,45) (98,87)
(57,103) (90,59) (67,37)
(61,106) (86,20) (92,21)
(93,39) (55,37) (51,72)
(151,69) (81,67) (33,36)
(26,87) (98,101) (91,68)
(137,74) (132,55) (80,52)
(32,41) (46,25) (85,28)
(134,77) (123,85) (61,47)
(51,73) (46,118) (37,117)
(80,126) (69,99) (98,82)
(148,76) (91,63) (43,116)
(62,100) (75,69) (47,112)
(77,25) (83,38) (80,124)
(95,85) (95,82) (98,52)
(69,38) (62,71) (53,93)
(39,95) (46,62) (132,60)
(77,115) (130,73) (120,71)
(100,36) (57,23) (156,67)
(52,73) (66,33) (135,71)
(79,115) (38,39) (68,37)
(103,69) (108,65) (79,21)
(57,40) (85,111) (42,100)
(90,57) (57,39) (60,85)
(100,52) (88,63) (86,29)
(52,75) (52,70) (45,67)
(42,87) (93,46) (59,113)
(60,108) (38,100) (69,23)
(99,40) (100,38) (91,102)
(100,36) (97,77) (107,75)
(70,40) (42,51) (70,20)
(154,61) (46,21) (95,116)
(28,113) (42,31) (102,26)
(78,125) (91,86) (53,118)
(102,104) (124,74) (94,83)
(83,20) (81,87) (150,75)
(69,33) (29,46) (58,86)
(61,39) (91,103) (71,125)
(71,94) (136,61) (99,83)
(82,50) (60,87) (70,118)
(34,45) (109,73) (91,87)
(156,59) (104,79) (142,73)
(135,59) (70,11) (89,110)
(70,11) (41,40) (72,24)
(27,84) (57,47) (77,100)
(73,85) (122,73) (66,44)
(27,118) (102,32) (97,62)
(78,12) (131,61) (65,84)
(126,60) (100,47) (75,15)
(119,64) (126,54) (32,99)
(26,114) (58,31) (43,112)
(31,115) (58,101) (27,96)
(62,54) (32,90) (65,101)
(64,26) (42,46) (62,51)
(64,93) (96,119) (36,103)
(41,111) (125,84) (148,73)
(139,86) (102,39) (33,52)
(115,64) (53,111) (88,69)
(123,84) (45,23) (74,46)
(76,22) (149,72) (70,103)
(83,120) (99,35) (48,30)
(50,26) (134,72) (86,23)
(31,116) (138,62) (99,107)
(100,74) (37,97) (68,93)
(74,50) (143,65) (95,86)
(106,77) (38,89) (81,101)
(89,48) (147,75) (71,24)
(126,81) (52,90) (54,24)
(68,104) (51,30) (41,96)
(100,84) (41,27) (75,14)
(81,113) (119,74) (44,78)
(27,81) (74,132) (87,30)
(30,46) (77,103) (31,20)
(151,75) (53,25) (91,111)
(86,73) (133,54) (95,111)
(88,48) (50,116) (84,49)
(85,126) (136,76) (85,84)
(26,46) (83,82) (96,78)
(39,29) (82,25) (85,53)
(86,67) (98,90) (135,70)
(74,129) (79,15) (95,86)
(28,92) (121,75) (80,29)
(77,72) (100,39) (51,111)
(90,109) (138,74) (59,44)
(60,21) (34,100) (80,102)
(29,89) (65,64) (101,88)
(92,49) (91,78) (100,68)
(62,111) (81,86) (52,73)
(135,79) (62,117) (54,91)
(84,120) (42,28) (86,49)
(65,116) (61,65) (69,67)
(63,36) (38,45) (83,126)
(69,126) (41,40) (66,124)
(97,79) (70,39) (67,25)
(43,60) (66,33) (95,103)
(38,99) (38,110) (47,110)
(28,98) (83,60) (100,59)
(51,123) (80,37) (26,81)
(84,108) (92,85) (98,87)
(68,89) (78,52) (78,129)
(79,102) (52,38) (50,56)
(130,82) (53,79) (65,31)
(50,59) (97,102) (53,113)
(51,77) (121,79) (95,57)
(144,64) (81,122) (78,15)
(102,101) (27,35) (73,19)
(122,51) (112,75) (30,39)
(33,55) (68,109) (79,115)
(100,94) (44,22) (35,108)
(90,45) (44,114) (37,87)
(60,108) (45,116) (61,100)
(46,112) (51,78) (141,63)
(91,56) (84,48) (98,57)
(54,103) (55,95) (68,100)
(50,28) (72,16) (91,27)
(148,71) (79,61) (52,44)
(65,84) (32,90) (68,20)
(77,133) (102,27) (59,117)
(34,85) (102,67) (91,39)
(50,66) (80,93) (81,50)
(87,87) (94,108) (100,25)
(34,119) (52,75) (54,53)
(69,52) (33,44) (91,59)
(89,68) (85,52) (44,96)
(44,40) (93,86) (70,131)
(118,65) (65,85) (70,134)
(56,119) (71,52) (35,43)
(27,41) (57,27) (42,31)
(60,39) (30,111) (86,76)
(53,73) (96,54) (64,51)
(44,72) (147,65) (36,41)
(82,124) (54,30) (111,65)
(111,72) (67,74) (85,16)
(32,49) (64,111) (132,69)
(94,91) (29,21) (70,115)
(107,78) (85,90) (68,49)
(40,84) (35,27) (58,71)
(53,32) (93,40) (120,79)
(62,68) (114,76) (146,75)
(91,55) (39,94) (82,87)
(54,112) (98,112) (77,120)
(27,117) (75,63) (94,71)
(133,79) (92,78) (43,41)
(32,21) (153,78) (141,66)
(72,49) (66,36) (86,90)
(90,91) (35,55) (69,91)
(35,90) (90,51) (58,66)
(92,59) (99,116) (52,104)
(155,74) (50,103) (75,132)
(84,72) (110,75) (73,84)
(137,83) (128,57) (26,38)
(93,109) (26,79) (86,109)
(101,62) (32,111) (72,109)
(69,32) (153,76) (81,64)
(143,67) (100,89) (53,50)
(74,53) (90,38) (62,109)
(56,119) (51,22) (128,88)
(85,22) (51,118) (76,14)
(75,100) (75,131) (138,74)
(45,67) (64,116) (153,80)
(86,68) (130,76) (148,68)
(90,90) (55,94) (69,52)
(58,70) (30,64) (27,118)
(74,50) (44,119) (153,73)
(26,95) (115,65) (92,57)
(67,31) (29,110) (75,65)
(56,102) (69,113) (75,40)
(74,126) (98,23) (81,86)
(33,93) (118,64) (120,76)
(93,39) (107,71) (86,87)
(92,74) (44,64) (28,92)
(83,50) (55,53) (96,69)
(35,20) (31,90) (64,93)
(46,99) (36,26) (114,70)
(30,108) (80,112) (93,101)
(50,26) (60,51) (37,38)
(64,73) (60,51) (98,72)
(67,113) (56,90) (97,25)
(46,30) (75,121) (62,51)
(38,110) (87,64) (33,84)
(130,70) (126,78) (73,113)
(39,88) (41,63) (80,70)
(75,123) (90,49) (66,77)
(93,68) (63,29) (54,46)
(110,66) (59,84) (82,47)
(68,29) (137,73) (54,105)
(69,68) (80,130) (63,109)
(147,66) (103,66) (87,70)
(34,113) (147,64) (50,13)
(52,14) (56,29) (123,73)
(71,108) (69,37) (85,77)
(138,87) (77,26) (129,72)
(137,85) (31,49) (84,61)
(133,55) (80,88) (65,118)
(94,86) (31,20) (36,97)
(47,112) (43,22) (72,88)
(92,99) (31,52) (70,111)
(67,45) (54,109) (28,115)
(95,83) (76,17) (94,39)
(54,105) (56,85) (50,62)
(95,58) (52,60) (104,79)
(75,64) (101,50) (84,37)
(75,65) (97,21) (111,68)
(50,57) (54,55) (51,118)
(71,21) (80,46) (61,64)
(125,61) (147,70) (27,61)
(131,79) (139,75) (92,111)
(99,49) (30,95) (72,120)
(99,117) (78,119) (38,45)
(94,58) (47,39) (80,49)
(77,25) (51,25) (33,27)
(64,67) (88,52) (147,75)
(125,70) (62,64) (59,114)
(96,82) (54,29) (94,84)
(82,101) (43,36) (86,61)
(104,71) (97,45) (80,72)
(137,86) (35,119) (122,72)
(46,40) (27,116) (89,38)
(51,29) (31,84) (97,20)
(47,29) (71,8) (130,77)
(66,19) (29,38) (101,98)
(113,72) (128,64) (85,40)
(34,91) (46,23) (84,81)
(68,112) (79,19) (66,20)
(60,71) (131,69) (96,77)
(28,36) (29,73) (75,18)
(62,28) (60,61) (100,50)
(82,129) (137,72) (94,48)
(36,108) (82,28) (123,61)
(99,97) (86,38) (58,27)
(43,110) (100,21) (151,66)
(100,51) (82,71) (61,84)
(36,23) (86,93) (99,101)
(87,45) (80,48) (28,71)
(46,84) (82,64) (89,79)
(74,111) (140,76) (97,40)
(58,87) (89,84) (52,20)
(132,62) (49,40) (85,24)
(61,53) (76,46) (65,72)
(26,65) (152,64) (149,65)
(28,113) (76,37) (69,123)
(76,20) (115,74) (92,36)
(68,99) (29,25) (142,85)
(138,87) (157,67) (71,132)
(77,26) (34,45) (101,63)
(91,77) (47,99) (45,31)
(76,59) (79,19) (134,55)
(91,72) (92,45) (87,111)
(92,26) (74,50) (132,55)
(78,29) (83,75) (71,92)
(51,27) (142,86) (72,118)
(82,101) (60,94) (114,68)
(99,36) (64,103) (89,37)
(61,92) (134,73) (42,83)
(27,89) (61,70) (41,51)
(75,77) (60,71) (75,61)
(58,38) (67,95) (70,113)
(89,72) (93,117) (97,50)
(73,8) (29,63) (77,15)
(80,110) (89,66) (28,50)
(59,84) (27,40) (147,72)
(82,108) (122,51) (142,75)
(55,22) (88,20) (99,119)
(30,21) (152,69) (46,84)
(61,86) (101,52) (63,71)
(82,82) (82,64) (97,85)
(78,117) (128,62) (88,85)
(42,52) (37,115) (31,111)
(34,111) (41,42) (34,85)
(82,85) (52,33) (74,30)
(93,62) (101,87) (84,63)
(78,109) (74,15) (71,31)
(54,31) (76,103) (60,84)
(52,112) (26,82) (34,38)
(29,44) (77,60) (76,49)
(104,65) (115,73) (73,120)
(79,132) (60,102) (60,88)
(28,54) (80,116) (139,60)
(84,16) (91,46) (59,86)
(29,114) (48,101) (101,107)
(53,109) (62,92) (96,114)
(71,30) (105,79) (100,91)
(70,91) (138,86) (107,61)
(118,73) (99,81) (93,69)
(94,45) (70,26) (78,24)
(142,83) (63,61) (44,101)
(84,89) (84,47) (60,59)
(64,115) (109,63) (46,62)
(138,68) (133,78) (37,41)
(41,62) (64,73) (89,45)
(128,66) (101,61) (124,67)
(79,132) (94,103) (94,22)
(95,80) (64,38) (77,38)
(81,38) (29,108) (92,118)
(42,98) (84,109) (84,53)
(49,73) (133,67) (32,48)
(44,96) (56,45) (58,31)
(111,73) (68,121) (28,104)
(139,74) (59,55) (44,96)
(73,52) (75,71) (71,21)
(56,29) (84,46) (75,5)
(42,20) (39,93) (26,80)
(156,68) (81,113) (68,44)
(41,102) (77,124) (30,120)
(102,27) (99,96) (73,40)
(78,13) (95,53) (76,112)
(89,72) (78,72) (84,94)
(91,54) (104,65) (70,84)
(77,62) (132,75) (52,66)
(95,59) (30,102) (51,116)
(130,61) (65,78) (64,77)
(99,68) (129,77) (154,62)
(89,66) (95,87) (30,40)
(67,75) (48,24) (62,65)
(57,72) (63,61) (55,39)
(87,55) (81,21) (70,122)
(54,68) (70,30) (45,103)
(59,22) (91,36) (74,12)
(75,116) (43,118) (98,84)
(132,61) (115,71) (28,52)
(68,92) (45,96) (56,91)
(59,50) (132,62) (78,85)
(130,64) (59,50) (54,23)
(86,21) (62,118) (93,73)
(79,16) (86,60) (52,103)
(93,112) (60,54) (81,23)
(44,61) (90,110) (54,112)
(30,52) (78,77) (34,27)
(81,50) (148,72) (66,111)
(59,62) (73,22) (84,55)
(147,73) (148,78) (26,69)
(126,74) (73,108) (60,59)
(148,63) (131,77) (151,70)
(84,36) (129,73) (51,73)
(68,109) (123,66) (99,97)
(56,104) (90,28) (43,103)
(77,46) (87,21) (34,86)
(79,114) (91,118) (74,126)
(66,60) (89,108) (52,32)
(73,46) (95,101) (40,94)
(123,74) (45,23) (50,31)
(84,99) (60,108) (73,111)
(55,94) (89,38) (85,108)
(91,66) (148,64) (64,21)
(66,121) (81,128) (40,84)
(56,38) (65,48) (74,25)
(90,60) (99,20) (69,45)
(71,7) (62,30) (149,74)
(106,79) (71,7) (28,61)
(85,53) (71,128) (61,53)
(140,78) (132,85) (92,118)
(58,85) (150,72) (67,109)
(34,103) (92,74) (33,96)
(72,101) (47,29) (88,72)
(91,112) (45,62) (58,85)
(50,44) (60,95) (70,126)
(42,116) (77,20) (82,51)
(136,83) (83,63) (57,26)
(51,95) (72,45) (70,124)
(38,56) (61,38) (128,54)
(51,21) (117,60) (84,120)
(28,69) (46,73) (72,126)
(86,37) (82,87) (57,51)
(76,24) (104,69) (101,50)
(29,109) (107,78) (116,69)
(37,56) (69,87) (51,51)
(58,21) (98,94) (131,75)
(51,63) (74,93) (51,27)
(72,8) (65,112) (48,69)
(85,93) (101,40) (45,110)
(81,103) (94,29) (88,26)
(70,70) (64,65) (66,99)
(31,113) (91,63) (73,124)
(156,59) (104,71) (77,9)
(32,53) (70,135) (81,55)
(45,86) (33,40) (75,67)
(138,87) (68,112) (85,108)
(63,118) (94,47) (95,64)
(132,84) (65,54) (80,91)
(36,114) (49,19) (62,103)
(65,60) (83,57) (63,50)
(85,48) (84,123) (134,74)
(90,54) (38,99) (63,111)
(64,74) (88,48) (103,61)
(50,57) (30,67) (133,54)
(116,76) (65,90) (135,75)
(98,55) (129,87) (149,65)
(79,90) (72,91) (38,100)
(71,127) (85,51) (100,52)
(77,100) (63,119) (97,26)
(88,54) (51,122) (128,63)
(99,62) (106,77) (95,26)
(151,75) (60,22) (55,30)
(98,104) (86,74) (39,96)
(124,72) (93,47) (93,111)
(68,45) (51,15) (45,41)
(62,31) (124,85) (44,25)
(89,71) (98,46) (127,80)
(64,26) (36,83) (41,28)
(93,55) (50,117) (125,73)
(100,73) (68,108) (99,48)
(87,27) (123,66) (37,100)
(82,24) (122,71) (97,73)
(93,52) (153,68) (57,38)
(108,69) (72,39) (85,20)
(102,61) (97,83) (102,75)
(80,76) (143,73) (51,20)
(99,77) (29,118) (150,74)
(29,57) (65,38) (66,89)
(93,54) (130,86) (29,37)
(91,59) (92,52) (47,99)
(64,37) (83,18) (87,91)
(102,118) (80,10) (37,89)
(67,47) (92,20) (77,87)
(33,114) (57,52) (53,110)
(137,70) (90,90) (40,88)
(70,11) (154,77) (29,20)
(92,57) (43,29) (156,73)
(90,50) (138,71) (107,60)
(120,64) (129,84) (70,30)
(46,37) (80,48) (67,48)
(142,66) (143,72) (96,79)
(86,28) (74,92) (80,23)
(38,109) (73,52) (45,119)
(93,102) (53,36) (45,73)
(64,51) (99,71) (43,44)
(97,112) (122,75) (102,68)
(83,76) (68,122) (62,32)
(26,83) (129,74) (79,87)
(89,55) (32,45) (70,7)
(130,77) (140,84) (78,47)
(60,108) (27,103) (107,67)
(147,67) (28,52) (87,117)
(74,87) (102,70) (85,117)
(71,26) (57,69) (74,95)
(42,61) (45,25) (101,20)
(118,67) (67,24) (76,65)
(29,38) (30,55) (36,87)
(127,55) (36,50) (77,48)
(66,126) (25,39) (57,54)
(82,83) (77,127) (27,69)
(153,61) (138,60) (76,47)
(56,92) (52,40) (84,113)
(69,125) (93,66) (129,71)
(53,74) (74,50) (78,114)
(50,57) (32,40) (154,69)
(81,72) (115,65) (31,50)
(59,113) (95,87) (102,27)
(84,75) (46,99) (96,61)
(70,8) (94,109) (65,53)
(139,78) (81,27) (95,118)
(98,54) (81,15) (130,84)
(90,81) (86,108) (138,65)
(67,115) (84,115) (146,66)
(42,21) (83,56) (88,69)
(33,90) (69,91) (39,94)
(140,72) (86,25) (115,73)
(36,111) (95,103) (57,93)
(79,70) (68,107) (127,56)
(66,23) (57,73) (105,68)
(53,71) (85,29) (65,47)
(133,68) (128,74) (100,20)
(78,78) (103,72) (64,60)
(27,69) (73,93) (70,66)
(50,75) (26,55) (59,79)
(71,93) (27,103) (69,38)
(59,101) (65,79) (70,89)
(132,55) (47,22) (96,54)
(81,79) (64,110) (26,89)
(70,8) (132,85) (79,22)
(102,64) (41,29) (100,101)
(34,40) (32,23) (46,114)
(83,20) (43,39) (107,64)
(42,97) (47,23) (42,101)
(34,85) (122,71) (74,90)
(91,83) (60,36) (116,76)
(40,52) (126,68) (82,79)
(156,78) (62,113) (33,109)
(75,85) (84,22) (56,103)
(158,78) (84,64) (46,97)
(66,63) (77,127) (30,67)
(81,103) (76,66) (26,76)
(89,55) (104,76) (70,122)
(65,92) (42,27) (67,19)
(32,102) (76,73) (70,48)
(109,75) (100,65) (82,122)
(60,35) (79,19) (45,37)
(88,103) (82,101) (73,54)
(30,37) (37,109) (69,18)
(83,113) (53,47) (157,71)
(142,84) (106,67) (66,23)
(62,39) (33,22) (98,87)
(31,28) (62,64) (44,63)
(70,65) (43,90) (33,20)
(95,52) (61,27) (60,74)
(85,63) (53,26) (59,50)
(58,76) (90,117) (157,78)
(101,24) (76,60) (127,71)
(132,68) (56,113) (67,70)
(27,42) (92,61) (75,126)
(90,50) (67,101) (83,55)
(53,20) (123,76) (82,102)
(72,31) (93,77) (51,116)
(51,106) (85,62) (57,48)
(85,111) (85,27) (80,126)
(57,101) (134,55) (86,28)
(85,38) (57,111) (44,28)
(59,94) (103,77) (44,30)
(94,45) (46,103) (46,92)
(107,67) (32,96) (97,65)
(53,118) (100,66) (46,65)
(79,84) (26,50) (75,112)
(70,31) (84,59) (33,45)
(77,66) (77,21) (28,73)
(101,64) (32,89) (68,44)
(129,85) (28,38) (53,94)
(50,83) (98,118) (81,16)
(120,72) (83,108) (67,64)
(79,85) (126,73) (60,85)
(94,67) (56,21) (28,69)
(45,31) (63,116) (91,85)
(74,119) (26,64) (48,72)
(57,71) (50,119) (72,6)
(130,65) (126,83) (133,63)
(85,79) (94,89) (86,67)
(37,114) (99,27) (62,91)
(94,112) (152,64) (45,47)
(63,48) (155,59) (81,66)
(87,51) (53,35) (63,76)
(79,126) (133,73) (77,120)
(146,65) (103,66) (44,41)
(69,63) (87,99) (70,114)
(86,26) (125,79) (62,34)
(62,49) (115,63) (96,31)
(124,71) (134,65) (97,76)
(71,109) (80,51) (127,77)
(32,48) (58,100) (83,64)
(30,38) (53,57) (58,86)
(86,54) (88,52) (41,112)
(56,28) (132,72) (80,115)
(81,77) (30,92) (99,96)
(99,59) (36,89) (30,75)
(47,39) (95,66) (65,48)
(86,117) (79,108) (70,101)
(92,28) (155,66) (90,67)
(45,54) (77,82) (81,102)
(127,77) (51,13) (91,22)
(134,68) (66,104) (86,88)
(65,113) (77,132) (46,40)
(53,123) (76,21) (110,74)
(80,66) (132,70) (74,125)
(55,89) (43,27) (35,52)
(116,77) (58,44) (106,66)
(64,91) (96,25) (68,100)
(33,86) (64,91) (101,63)
(62,46) (135,75) (127,77)
(77,66) (80,89) (107,72)
(77,79) (52,65) (83,8)
(119,61) (64,70) (61,65)
(74,16) (66,32) (34,87)
(98,84) (79,51) (76,99)
(39,102) (50,115) (154,63)
(87,103) (43,87) (54,103)
(45,23) (52,83) (46,64)
(47,39) (60,44) (75,50)
(82,10) (61,70) (138,74)
(96,52) (77,88) (85,5)
(53,101) (54,117) (65,102)
(127,54) (42,118) (88,54)
(80,11) (73,124) (134,87)
(84,54) (38,112) (89,27)
(151,68) (27,72) (29,116)
(55,26) (148,73) (66,65)
(143,70) (90,23) (87,94)
(50,76) (76,82) (77,110)
(33,52) (89,94) (81,27)
(55,52) (33,86) (72,51)
(51,116) (40,50) (40,29)
(73,124) (123,76) (32,115)
(27,47) (62,99) (26,78)
(86,21) (52,16) (132,71)
(155,68) (28,64) (61,113)
(75,38) (122,79) (101,51)
(79,12) (123,64) (62,69)
(60,89) (92,73) (75,109)
(25,102) (82,111) (85,20)
(82,65) (69,124) (44,116)
(66,62) (54,65) (86,75)
(33,97) (155,73) (76,90)
(132,61) (40,84) (39,109)
(76,51) (77,111) (99,49)
(127,79) (66,126) (54,49)
(27,49) (125,67) (135,60)
(36,93) (83,83) (132,54)
(79,120) (139,65) (44,50)
(154,78) (30,103) (76,7)
(46,71) (51,14) (128,73)
(155,62) (155,74) (50,55)
(54,24) (56,68) (69,118)
(60,26) (86,115) (128,70)
(30,47) (56,28) (70,91)
(97,29) (96,58) (40,83)
(27,84) (81,115) (47,23)
(59,105) (30,90) (53,47)
(75,51) (79,68) (118,60)
(62,67) (88,110) (34,36)
(33,108) (32,92) (138,78)
(100,41) (85,108) (144,68)
(96,120) (83,18) (72,127)
(74,8) (101,65) (136,85)
(134,88) (94,118) (129,55)
(68,100) (89,92) (52,74)
(49,104) (104,75) (152,67)
(61,21) (82,117) (99,47)
(79,37) (103,71) (81,130)
(76,50) (72,39) (62,68)
(31,20) (35,100) (65,36)
(68,118) (45,74) (71,51)
(136,66) (148,71) (64,93)
(83,89) (42,40) (80,64)
(33,30) (62,50) (33,26)
(111,72) (82,13) (27,88)
(66,129) (115,72) (60,28)
(94,116) (84,68) (141,69)
(46,52) (83,47) (87,109)
(35,87) (78,48) (138,78)
(52,100) (29,54) (62,69)
(100,31) (52,83) (78,109)
(42,115) (66,38) (101,40)
(93,51) (28,65) (67,33)
(65,110) (97,60) (34,92)
(101,84) (94,110) (29,72)
(71,19) (77,21) (93,67)
(101,26) (125,76) (95,23)
(91,30) (89,68) (101,72)
(65,60) (92,26) (85,117)
(80,21) (94,51) (87,50)
(68,33) (26,88) (57,95)
(75,77) (71,108) (74,123)
(82,36) (152,66) (41,44)
(63,109) (71,110) (57,87)
(91,103) (71,4) (68,110)
(27,115) (69,32) (73,100)
(141,88) (42,108) (77,82)
(84,63) (35,36) (61,106)
(30,72) (29,93) (97,25)
(153,79) (63,47) (90,58)
(134,85) (80,49) (63,46)
(155,74) (83,8) (33,116)
(30,116) (83,19) (98,20)
(62,105) (60,62) (65,62)
(44,77) (41,87) (58,77)
(52,106) (89,94) (154,77)
(58,63) (89,110) (76,11)
(123,79) (61,71) (96,68)
(45,31) (45,51) (76,18)
(141,76) (90,54) (62,21)
(26,63) (86,68) (75,23)
(31,119) (116,74) (61,30)
(50,24) (52,29) (98,91)
(67,45) (83,63) (121,66)
(85,37) (69,52) (84,55)
(65,108) (107,71) (59,67)
(154,79) (59,54) (85,25)
(126,53) (81,36) (57,109)
(139,60) (85,68) (71,25)
(82,31) (50,82) (25,39)
(69,69) (122,56) (87,46)
(96,87) (46,46) (43,113)
(92,110) (43,78) (68,99)
(102,100) (67,99) (61,60)
(79,118) (29,52) (70,28)
(90,82) (31,85) (115,70)
(92,38) (65,88) (90,37)
(46,44) (78,92) (81,120)
(64,23) (66,109) (111,76)
(71,21) (80,17) (73,10)
(94,82) (140,85) (27,19)
(141,85) (28,116) (89,88)
(51,100) (50,101) (58,105)
(46,87) (66,102) (73,123)
(135,68) (85,108) (94,118)
(104,76) (27,36) (65,23)
(56,38) (27,81) (53,19)
(28,95) (72,133) (134,66)
(30,70) (80,88) (119,61)
(60,114) (91,86) (143,64)
(97,119) (74,115) (95,102)
(30,104) (42,44) (61,76)
(70,102) (36,117) (78,10)
(32,29) (100,101) (99,23)
(102,75) (84,76) (122,52)
(99,62) (109,70) (155,66)
(137,62) (67,67) (74,93)
(57,46) (92,116) (40,37)
(73,30) (36,22) (152,64)
(74,19) (45,26) (85,57)
(109,67) (97,45) (84,6)
(41,102) (28,44) (86,109)
(46,115) (123,86) (81,129)
(98,98) (89,54) (80,12)
(77,36) (75,129) (55,54)
(95,74) (72,117) (87,38)
(76,36) (43,101) (127,76)
(27,82) (85,113) (110,75)
(28,39) (47,20) (84,111)
(52,94) (81,30) (37,42)
(152,67) (93,111) (70,37)
(54,46) (57,48) (94,62)
(81,17) (89,92) (76,53)
(51,24) (121,65) (58,44)
(132,78) (51,122) (80,62)
(103,79) (59,63) (64,100)
(63,78) (65,91) (66,48)
(55,91) (36,37) (69,99)
(35,40) (94,61) (62,44)
(151,76) (128,76) (27,48)
(68,26) (127,63) (93,23)
(76,7) (120,78) (60,74)
(95,81) (85,29) (121,74)
(56,103) (66,38) (99,20)
(122,71) (78,111) (79,26)
(103,65) (77,29) (74,26)
(33,90) (138,71) (62,88)
(99,66) (97,98) (78,93)
(47,113) (32,46) (37,89)
(73,39) (29,89) (98,84)
(66,63) (91,50) (35,45)
(27,62) (84,64) (148,67)
(100,38) (69,8) (57,88)
(73,19) (83,64) (151,75)
(34,88) (52,72) (130,66)
(89,111) (79,118) (30,101)
(36,30) (39,101) (88,63)
(155,78) (37,110) (54,19)
(67,122) (101,59) (124,77)
(54,117) (141,87) (28,46)
(82,79) (76,121) (67,44)
(86,70) (78,121) (95,115)
(66,69) (44,95) (69,36)
(80,51) (33,28) (156,78)
(113,65) (49,118) (42,40)
(61,31) (125,51) (86,101)
