(33,23) (64,69) (97,68)
(63,72) (39,42) (115,65)
(132,63) (73,91) (70,63)
(35,97) (33,108) (76,17)
(79,130) (56,95) (48,115)
(101,100) (72,22) (44,37)
(73,37) (60,91) (78,63)
(60,116) (68,8) (123,63)
(49,109) (74,22) (102,39)
(52,80) (123,86) (87,99)
(71,85) (64,115) (54,55)
(59,48) (56,22) (59,36)
(49,65) (67,37) (52,28)
(77,10) (60,112) (96,115)
(77,126) (37,25) (28,72)
(75,53) (51,19) (101,75)
(122,54) (113,70) (62,89)
(68,126) (62,75) (52,76)
(92,29) (40,96) (30,63)
(53,46) (53,94) (72,127)
