(85,66) (50,72) (106,79)
(26,103) (37,56) (82,89)
(139,85) (74,40) (42,27)
(83,76) (84,37) (46,87)
(65,71) (29,87) (28,82)
(55,94) (51,27) (80,108)
(131,62) (68,116) (59,70)
(56,118) (64,65) (96,68)
(78,60) (75,37) (85,75)
(95,101) (84,47) (75,51)
(95,31) (129,70) (82,48)
(92,40) (66,124) (104,61)
(77,36) (132,54) (73,8)
(46,102) (52,112) (112,65)
(74,31) (76,73) (121,62)
(107,65) (32,103) (120,73)
(72,132) (81,93) (34,41)
(61,104) (82,100) (69,99)
(149,79) (35,51) (75,71)
(36,117) (143,71) (32,45)
