(64,23) (82,112) (34,112)
(72,114) (129,53) (51,50)
(108,65) (67,64) (62,109)
(44,27) (76,86) (66,70)
(138,67) (65,40) (52,55)
(138,78) (89,62) (141,84)
(101,97) (68,94) (33,24)
(68,95) (88,48) (143,66)
(32,90) (98,111) (102,67)
(43,55) (53,68) (75,12)
(30,60) (90,101) (98,73)
(67,24) (25,101) (32,23)
(145,74) (64,99) (54,64)
(130,78) (106,60) (34,36)
(29,26) (55,109) (124,76)
(130,71) (76,111) (47,113)
(98,37) (113,71) (53,19)
(136,75) (126,65) (35,114)
(85,80) (86,111) (73,11)
(42,39) (49,65) (51,20)
