(68,68) (83,101) (82,118)
(96,119) (59,54) (50,20)
(106,65) (34,48) (151,66)
(99,41) (38,36) (41,112)
(32,109) (96,23) (122,55)
(28,36) (87,76) (94,82)
(55,102) (92,94) (131,72)
(90,85) (66,86) (83,123)
(125,87) (86,61) (30,73)
(58,110) (28,56) (74,94)
(44,42) (27,85) (73,91)
(90,54) (77,72) (73,38)
(54,52) (147,68) (46,31)
(94,49) (66,103) (92,66)
(69,72) (101,90) (66,53)
(69,110) (68,94) (77,86)
(98,26) (72,128) (30,79)
(69,108) (42,77) (75,65)
(85,15) (85,127) (99,112)
(133,63) (101,55) (98,83)
