(8,28) (1,28) (31,30)
(25,22) (3,21) (19,11)
(20,29) (20,20) (14,9)
(9,13) (27,10) (10,21)
(28,1) (30,15) (6,3)
(31,30) (4,6) (30,9)
(30,30) (19,3) (0,21)
(10,27) (29,29) (12,23)
(8,2) (5,11) (30,30)
(2,28) (17,23) (25,5)
(4,0) (31,3) (19,11)
(5,22) (25,8) (9,28)
(21,4) (8,11) (18,6)
(8,29) (25,4) (18,14)
(19,5) (8,30) (7,24)
(18,20) (13,31) (9,9)
(16,24) (9,1) (25,15)
(5,9) (0,27) (9,19)
(2,21) (12,31) (16,16)
(11,0) (6,23) (11,27)
(17,5) (7,16) (24,1)
(23,13) (8,14) (18,14)
(25,2) (24,22) (16,30)
(6,24) (21,28) (16,15)
(11,27) (0,26) (9,3)
(5,4) (11,24) (9,12)
(30,14) (1,22) (19,31)
(13,0) (19,12) (17,20)
(8,1) (2,23) (22,30)
(3,2) (14,23) (17,3)
