(16,29) (15,21) (10,10)
(20,12) (2,19) (23,18)
(27,8) (13,1) (22,16)
(14,28) (7,19) (29,23)
(27,20) (6,13) (6,27)
(8,22) (22,17) (7,7)
(6,0) (0,7) (5,17)
(3,12) (1,8) (22,26)
(30,14) (23,5) (31,8)
(5,24) (29,13) (14,12)
(15,6) (21,20) (26,18)
(0,3) (7,14) (15,8)
(10,8) (10,13) (11,22)
(28,20) (14,13) (21,27)
(16,20) (1,8) (9,1)
(5,23) (14,24) (21,5)
(15,11) (20,19) (16,4)
(31,7) (24,3) (5,0)
(10,9) (3,1) (8,11)
(8,2) (5,10) (28,1)
(18,15) (6,9) (23,1)
(16,2) (11,23) (2,17)
(13,4) (28,23) (19,12)
(17,3) (28,22) (13,2)
(17,19) (19,30) (11,18)
(8,28) (9,26) (21,13)
(28,27) (3,10) (23,8)
(21,13) (11,19) (0,17)
(7,6) (25,18) (1,24)
(3,7) (9,16) (31,30)
