(1,16) (20,9) (4,0)
(29,10) (19,21) (20,24)
(30,1) (28,17) (14,9)
(17,28) (23,27) (25,19)
(25,17) (3,15) (3,21)
(19,20) (16,11) (22,13)
(18,26) (12,1) (25,29)
(10,14) (16,31) (3,17)
(3,26) (29,16) (2,15)
(5,16) (31,13) (11,27)
(3,17) (8,18) (2,6)
(7,6) (1,22) (24,28)
(12,1) (8,14) (28,29)
(29,4) (17,6) (7,26)
(14,19) (9,12) (1,18)
(16,0) (29,8) (0,5)
(21,25) (22,1) (1,25)
(3,4) (27,3) (7,12)
(27,7) (7,8) (18,16)
(29,9) (9,27) (9,11)
(14,7) (12,1) (4,8)
(9,20) (28,3) (7,24)
(27,11) (21,22) (18,28)
(28,0) (12,7) (6,26)
(5,9) (8,31) (14,22)
(23,19) (14,18) (30,23)
(16,10) (17,3) (11,31)
(8,25) (24,5) (2,21)
(4,6) (3,27) (30,14)
(29,2) (23,7) (21,19)
