(16,15) (4,19) (20,12)
(12,21) (9,1) (27,16)
(14,12) (22,3) (19,20)
(2,17) (3,27) (22,17)
(10,27) (27,25) (13,30)
(30,10) (7,6) (20,27)
(13,25) (26,28) (29,24)
(23,25) (10,4) (19,31)
(3,17) (24,31) (31,0)
(12,9) (4,12) (21,16)
(4,2) (21,5) (24,0)
(24,10) (9,9) (6,3)
(20,29) (17,18) (31,8)
(27,7) (18,6) (29,27)
(19,5) (17,8) (0,0)
(12,7) (28,27) (2,31)
(16,0) (11,13) (13,9)
(9,2) (14,23) (30,0)
(24,28) (4,19) (7,8)
(8,3) (30,23) (16,6)
(0,25) (2,28) (16,24)
(12,31) (21,13) (24,7)
(12,27) (11,16) (21,16)
(8,2) (17,7) (8,10)
(22,22) (10,8) (5,25)
(19,0) (6,26) (9,25)
(24,7) (16,27) (11,2)
(27,24) (30,10) (21,10)
(16,13) (1,27) (3,3)
(20,22) (28,22) (14,14)
