(22,6) (30,20) (24,29)
(18,29) (11,2) (26,14)
(30,9) (27,2) (29,25)
(24,3) (28,4) (1,3)
(4,24) (13,13) (23,7)
(5,31) (31,16) (25,6)
(19,21) (7,12) (26,25)
(9,16) (5,11) (10,27)
(7,5) (21,9) (3,31)
(22,15) (2,3) (4,26)
(11,1) (26,2) (26,25)
(30,24) (30,15) (2,6)
(21,14) (12,9) (11,8)
(6,3) (25,29) (23,10)
(3,17) (24,10) (19,13)
(19,16) (23,8) (14,8)
(27,3) (2,13) (30,21)
(6,9) (22,28) (31,8)
(0,23) (0,11) (16,24)
(11,9) (25,15) (9,9)
(10,21) (20,23) (28,27)
(28,13) (1,23) (1,27)
(27,11) (31,2) (16,17)
(26,9) (25,0) (12,23)
(19,12) (8,19) (1,6)
(16,14) (11,17) (16,7)
(14,1) (3,7) (31,7)
(8,23) (5,9) (23,5)
(12,31) (18,25) (24,9)
(26,6) (24,13) (9,28)
