(13,21) (5,8) (0,11)
(22,9) (31,24) (5,10)
(0,21) (1,12) (1,23)
(2,11) (6,22) (31,10)
(14,14) (16,4) (30,30)
(24,18) (1,3) (0,11)
(25,24) (3,18) (12,13)
(7,27) (8,13) (16,18)
(16,20) (13,20) (22,26)
(0,8) (20,29) (8,23)
(27,3) (25,5) (24,15)
(16,30) (19,13) (27,22)
(2,19) (31,24) (12,13)
(22,25) (5,9) (25,18)
(14,20) (18,22) (9,19)
(25,19) (20,6) (18,4)
(15,10) (29,2) (8,6)
(0,23) (2,20) (28,27)
(26,2) (28,19) (9,0)
(5,8) (14,3) (30,2)
(2,25) (12,8) (5,16)
(25,12) (22,27) (2,5)
(10,3) (0,0) (30,7)
(6,3) (10,28) (3,12)
(14,22) (9,15) (9,27)
(4,18) (30,3) (31,9)
(31,22) (31,4) (26,6)
(4,27) (5,11) (9,19)
(0,0) (17,5) (16,22)
(29,4) (13,25) (7,19)
