(11,4) (19,12) (31,23)
(5,31) (14,30) (29,27)
(16,15) (6,0) (0,22)
(18,10) (27,13) (17,5)
(19,24) (26,4) (15,21)
(30,21) (21,25) (1,0)
(0,9) (31,22) (16,21)
(16,4) (31,14) (26,11)
(1,6) (11,17) (27,16)
(2,13) (4,26) (7,28)
(15,11) (6,21) (7,26)
(27,25) (5,16) (11,11)
(19,15) (7,12) (21,29)
(27,20) (9,23) (12,17)
(15,10) (27,2) (24,9)
(29,4) (18,28) (22,12)
(27,17) (9,16) (12,25)
(29,16) (19,19) (10,30)
(22,14) (4,15) (21,30)
(4,3) (10,1) (17,22)
(1,11) (24,18) (28,22)
(0,21) (9,9) (28,22)
(28,4) (11,31) (21,6)
(26,15) (3,22) (27,27)
(8,1) (7,13) (21,4)
(19,24) (23,22) (26,28)
(25,10) (7,27) (13,3)
(11,23) (6,31) (28,20)
(27,10) (11,18) (0,6)
(13,24) (15,10) (12,16)
