(29,15) (22,8) (15,23)
(9,10) (23,3) (16,21)
(24,30) (25,0) (12,26)
(3,18) (1,29) (19,13)
(16,10) (10,20) (24,30)
(4,19) (21,2) (14,12)
(24,1) (11,12) (13,29)
(13,21) (30,2) (26,28)
(25,22) (8,31) (17,26)
(11,12) (0,20) (15,10)
(19,30) (15,2) (6,21)
(24,15) (8,3) (23,4)
(1,1) (10,27) (13,5)
(5,0) (31,20) (21,14)
(23,5) (5,6) (5,20)
(3,24) (4,19) (7,20)
(29,16) (10,8) (25,6)
(25,8) (18,26) (17,5)
(22,30) (18,18) (0,17)
(26,9) (0,4) (12,19)
(23,25) (13,13) (17,7)
(10,9) (25,23) (19,23)
(20,0) (26,22) (26,29)
(23,28) (4,15) (12,16)
(14,0) (23,28) (7,8)
(22,31) (24,21) (3,12)
(15,6) (24,7) (23,11)
(25,5) (3,31) (15,24)
(25,11) (8,30) (9,11)
(20,14) (15,13) (3,21)
