(25,28) (18,22) (25,24)
(12,17) (17,3) (27,18)
(9,7) (25,11) (15,18)
(22,1) (20,10) (12,26)
(4,17) (27,26) (13,7)
(21,6) (23,28) (24,30)
(5,13) (5,19) (3,10)
(9,22) (10,20) (17,10)
(0,24) (25,14) (0,23)
(26,5) (9,10) (5,15)
(17,27) (4,0) (6,11)
(23,15) (26,6) (5,23)
(14,27) (3,6) (19,3)
(31,19) (4,30) (25,26)
(13,7) (30,12) (5,17)
(19,7) (26,22) (2,20)
(23,6) (21,25) (7,29)
(4,6) (3,4) (5,25)
(23,13) (22,25) (5,22)
(26,4) (27,1) (15,23)
(17,23) (3,25) (10,27)
(31,19) (19,0) (5,5)
(5,18) (13,21) (24,13)
(8,6) (13,3) (24,25)
(17,11) (8,19) (10,5)
(10,16) (7,9) (9,3)
(19,31) (5,16) (16,13)
(5,8) (22,14) (3,29)
(9,12) (31,0) (9,31)
(23,22) (12,17) (22,6)
