(9,1) (2,18) (20,14)
(25,18) (15,13) (0,3)
(6,0) (18,14) (24,27)
(26,3) (20,19) (11,3)
(5,20) (7,2) (24,0)
(0,4) (25,30) (9,24)
(10,9) (16,9) (0,7)
(16,27) (4,11) (30,14)
(1,14) (3,12) (19,3)
(11,20) (8,7) (7,4)
(9,3) (7,8) (4,5)
(11,14) (4,18) (31,4)
(1,27) (2,14) (0,15)
(4,27) (15,20) (8,3)
(16,5) (9,22) (19,30)
(16,29) (10,20) (12,5)
(31,3) (29,10) (4,7)
(29,19) (25,4) (24,30)
(20,0) (3,11) (26,26)
(21,9) (13,28) (7,10)
(5,20) (9,25) (24,14)
(7,27) (12,8) (14,7)
(12,9) (6,0) (16,14)
(5,0) (26,9) (22,12)
(8,11) (11,13) (24,6)
(23,8) (29,2) (29,26)
(24,29) (18,1) (29,30)
(6,14) (5,13) (10,8)
(13,16) (23,11) (3,19)
(31,9) (3,25) (30,20)
