(5,88) (112,113) (97,24)
(62,107) (29,37) (96,50)
(41,86) (17,118) (91,42)
(45,29) (35,12) (106,73)
(33,92) (119,85) (21,19)
(95,113) (59,49) (12,118)
(55,76) (72,25) (64,113)
(113,47) (100,92) (109,37)
(1,45) (68,4) (25,94)
(85,124) (43,79) (91,73)
(98,52) (86,28) (10,48)
(32,2) (31,20) (102,101)
(7,43) (97,120) (50,1)
(122,5) (100,58) (26,31)
(125,107) (43,88) (93,52)
(52,7) (112,25) (24,82)
(71,82) (41,59) (125,105)
(41,121) (92,68) (115,31)
(120,22) (119,100) (20,22)
(114,113) (62,80) (106,92)
