(118,76) (59,62) (29,39)
(119,71) (122,68) (41,86)
(53,77) (104,100) (76,103)
(70,29) (83,52) (29,83)
(76,80) (28,96) (76,84)
(72,20) (17,1) (110,19)
(75,106) (74,127) (20,23)
(20,83) (14,23) (21,113)
(41,52) (83,54) (116,50)
(119,27) (124,13) (49,13)
(64,127) (19,73) (73,44)
(94,115) (28,17) (112,51)
(44,58) (50,119) (6,1)
(26,8) (117,88) (40,25)
(86,71) (76,50) (59,120)
(65,10) (12,107) (17,97)
(94,115) (109,52) (8,76)
(82,28) (19,107) (100,55)
(61,16) (98,89) (20,14)
(28,3) (106,75) (72,101)
