(22,51) (11,46) (42,12)
(58,4) (36,10) (26,10)
(40,35) (0,35) (0,55)
(15,62) (18,34) (25,42)
(13,53) (42,4) (22,52)
(27,19) (11,61) (50,8)
(61,58) (53,48) (20,44)
(25,7) (19,25) (9,15)
(11,60) (39,61) (21,49)
(36,55) (35,17) (5,33)
(48,14) (24,57) (25,61)
(4,50) (1,62) (60,30)
(50,44) (39,11) (19,38)
(6,50) (41,40) (33,42)
(50,55) (2,52) (11,59)
(39,4) (24,43) (5,63)
(4,49) (38,23) (17,31)
(5,1) (45,23) (50,37)
(19,21) (30,49) (8,60)
(17,49) (21,2) (36,13)
(27,29) (1,54) (63,59)
(24,60) (55,57) (9,49)
(48,0) (8,29) (1,46)
(49,0) (48,29) (50,35)
(17,59) (7,20) (43,6)
(1,14) (24,0) (18,0)
(40,48) (52,41) (9,1)
(4,32) (13,11) (41,61)
(40,57) (62,45) (48,22)
(32,27) (5,21) (24,54)
