(13,15) (47,51) (3,43)
(53,26) (30,32) (0,2)
(59,16) (33,30) (19,30)
(54,0) (19,20) (43,18)
(18,23) (6,50) (55,3)
(27,18) (18,41) (1,16)
(15,58) (15,15) (0,62)
(37,62) (59,10) (35,36)
(49,57) (29,30) (40,0)
(60,20) (45,51) (1,10)
(4,16) (1,48) (19,54)
(46,50) (31,8) (45,63)
(13,12) (47,4) (51,24)
(20,21) (52,36) (58,38)
(9,32) (13,62) (5,57)
(48,47) (51,10) (14,57)
(1,45) (44,14) (4,0)
(18,2) (8,34) (28,28)
(10,39) (29,35) (58,38)
(21,46) (24,54) (46,21)
(33,22) (27,8) (1,17)
(29,49) (11,12) (0,12)
(59,29) (28,60) (27,1)
(45,31) (52,4) (25,53)
(22,56) (27,48) (59,62)
(55,20) (27,22) (23,44)
(20,12) (17,22) (9,16)
(23,27) (48,51) (9,49)
(60,43) (51,12) (1,43)
(13,17) (20,51) (47,27)
