(1,56) (4,30) (54,47)
(63,32) (1,41) (34,26)
(46,7) (2,46) (15,55)
(8,29) (57,25) (63,62)
(44,53) (55,46) (3,56)
(43,17) (4,27) (61,54)
(26,51) (33,50) (54,16)
(54,0) (39,41) (29,1)
(26,44) (55,23) (18,63)
(10,54) (56,45) (54,50)
(3,36) (31,9) (59,1)
(18,54) (4,13) (27,7)
(63,36) (18,35) (4,57)
(42,33) (29,26) (40,62)
(20,29) (40,51) (3,41)
(60,30) (31,23) (43,28)
(20,62) (62,38) (19,5)
(26,35) (25,10) (17,60)
(20,25) (7,38) (15,42)
(33,0) (17,26) (26,4)
(48,40) (42,6) (21,2)
(14,39) (6,38) (42,63)
(45,57) (58,60) (53,30)
(21,58) (17,26) (45,62)
(24,55) (50,36) (25,35)
(12,39) (63,7) (60,22)
(22,47) (28,14) (57,22)
(53,8) (15,39) (29,34)
(29,3) (44,38) (10,11)
(43,28) (26,56) (62,11)
