(42,61) (12,3) (43,54)
(41,51) (35,11) (46,58)
(13,28) (61,45) (21,19)
(6,28) (5,59) (39,6)
(53,60) (11,4) (52,7)
(31,24) (43,18) (3,50)
(19,5) (60,21) (32,12)
(42,45) (4,9) (17,46)
(37,38) (0,7) (62,7)
(24,4) (26,58) (63,53)
(39,9) (20,40) (59,25)
(1,20) (17,14) (44,34)
(11,11) (16,57) (25,46)
(33,38) (1,13) (55,37)
(41,16) (49,21) (25,17)
(45,50) (6,2) (13,24)
(60,30) (31,4) (55,24)
(0,44) (62,37) (0,61)
(56,32) (26,11) (33,35)
(61,28) (5,45) (3,28)
(60,49) (3,0) (10,28)
(16,1) (57,61) (50,4)
(2,58) (32,6) (24,52)
(46,39) (44,16) (53,18)
(12,0) (0,60) (35,52)
(45,62) (60,39) (62,29)
(36,21) (17,22) (31,14)
(7,7) (51,28) (40,0)
(24,6) (39,22) (41,47)
(39,10) (47,36) (34,21)
