(31,45) (58,4) (59,45)
(41,16) (45,48) (37,26)
(2,8) (8,2) (49,54)
(24,42) (32,45) (16,42)
(49,60) (1,8) (61,63)
(20,30) (54,45) (23,61)
(38,49) (28,44) (34,4)
(10,62) (17,55) (36,32)
(13,54) (32,1) (47,51)
(19,60) (3,19) (17,34)
(27,25) (56,48) (27,16)
(48,29) (22,50) (59,39)
(58,55) (5,27) (1,35)
(4,27) (26,37) (55,16)
(32,47) (59,61) (10,16)
(13,55) (45,7) (42,38)
(63,48) (46,13) (54,59)
(46,39) (43,1) (8,46)
(61,37) (41,27) (51,29)
(38,49) (45,8) (33,17)
(30,44) (61,21) (56,51)
(32,5) (1,45) (12,50)
(48,4) (60,32) (36,25)
(26,42) (16,7) (61,57)
(16,49) (51,11) (0,12)
(17,3) (51,16) (36,17)
(3,1) (25,33) (60,18)
(50,5) (16,45) (17,46)
(52,29) (32,13) (61,24)
(44,25) (22,6) (29,42)
