(20,7) (53,40) (41,1)
(34,57) (54,8) (31,47)
(57,22) (43,57) (61,34)
(8,16) (26,4) (62,47)
(15,49) (34,40) (63,47)
(30,45) (62,13) (1,32)
(39,35) (14,29) (52,37)
(26,58) (15,2) (51,28)
(39,43) (10,36) (31,49)
(60,3) (28,0) (55,16)
(10,28) (53,16) (18,39)
(57,13) (13,1) (18,4)
(55,33) (10,39) (35,55)
(38,21) (3,34) (49,44)
(55,39) (43,34) (40,48)
(61,7) (15,33) (24,32)
(45,50) (12,61) (17,51)
(6,61) (60,35) (38,8)
(49,49) (24,21) (14,9)
(19,17) (20,61) (39,31)
(56,35) (39,16) (60,20)
(60,1) (41,30) (60,42)
(8,24) (47,33) (60,24)
(4,32) (46,8) (3,25)
(13,39) (55,1) (26,42)
(39,36) (39,41) (54,29)
(13,45) (31,12) (35,16)
(13,45) (15,19) (23,6)
(29,26) (11,1) (23,27)
(10,25) (28,0) (39,42)
