(16,6) (47,21) (14,36)
(18,16) (62,38) (1,32)
(49,62) (23,13) (38,24)
(37,47) (41,7) (43,21)
(46,24) (57,29) (19,12)
(36,55) (24,63) (41,45)
(50,2) (15,5) (10,11)
(1,13) (6,50) (61,44)
(13,16) (15,17) (47,2)
(35,11) (46,1) (4,7)
(47,38) (15,18) (39,6)
(15,53) (36,8) (34,58)
(60,34) (19,17) (22,62)
(18,60) (58,0) (36,30)
(54,9) (3,8) (2,29)
(54,49) (8,60) (40,51)
(28,50) (1,40) (8,11)
(51,44) (49,20) (56,48)
(22,31) (45,34) (62,11)
(41,4) (61,34) (22,25)
(11,22) (34,39) (50,21)
(34,51) (53,0) (2,9)
(51,21) (10,39) (14,58)
(11,25) (29,6) (58,33)
(45,47) (4,47) (19,41)
(42,42) (48,8) (60,26)
(49,45) (31,54) (4,30)
(51,5) (8,15) (33,14)
(17,16) (5,41) (58,59)
(33,22) (36,8) (15,55)
