(42,27) (26,34) (20,8)
(59,56) (15,51) (62,39)
(29,20) (49,34) (6,15)
(5,1) (34,43) (21,14)
(50,25) (34,48) (24,25)
(49,52) (61,38) (34,63)
(46,59) (47,37) (3,26)
(43,19) (47,1) (1,46)
(49,11) (9,28) (30,36)
(32,22) (7,24) (48,22)
(61,54) (26,61) (58,61)
(22,14) (48,38) (4,31)
(5,63) (18,41) (35,30)
(26,2) (53,7) (0,7)
(17,36) (12,54) (36,24)
(55,7) (34,0) (51,5)
(35,44) (25,6) (28,33)
(27,5) (5,44) (28,35)
(31,29) (32,38) (39,39)
(45,20) (10,38) (22,45)
(45,38) (22,43) (38,58)
(29,63) (42,51) (39,37)
(62,8) (0,23) (7,60)
(15,10) (60,12) (60,32)
(24,48) (9,41) (20,34)
(52,12) (56,35) (45,45)
(28,10) (32,47) (49,57)
(53,30) (30,47) (15,58)
(11,3) (59,15) (20,33)
(43,18) (44,23) (20,42)
(23,58) (9,12) (8,61)
(38,53) (38,5) (25,32)
(13,10) (25,44) (13,27)
(12,59) (19,19) (54,38)
(59,1) (51,41) (58,52)
(17,58) (21,0) (23,50)
(12,5) (41,26) (43,8)
(21,61) (21,49) (20,36)
(27,23) (25,39) (31,22)
(8,35) (3,31) (55,60)
(21,32) (60,36) (54,25)
(55,12) (33,63) (6,6)
(21,33) (21,63) (53,10)
(54,60) (17,26) (32,48)
(63,36) (63,59) (6,59)
(23,37) (50,56) (54,32)
(33,48) (7,11) (46,40)
(49,46) (6,51) (16,13)
(33,58) (38,49) (60,2)
(63,48) (28,22) (24,20)
(46,9) (10,35) (27,36)
(58,39) (53,12) (20,61)
(18,54) (29,20) (29,16)
(45,6) (11,36) (54,1)
(61,5) (58,38) (12,53)
(50,38) (15,53) (18,4)
(46,45) (34,23) (63,32)
(2,55) (63,62) (30,58)
(31,25) (44,6) (4,61)
(30,53) (16,15) (39,9)
(39,0) (31,51) (15,26)
(41,57) (57,41) (30,47)
(51,8) (4,25) (54,21)
(61,18) (6,60) (47,22)
(51,25) (56,33) (50,25)
(26,3) (33,34) (24,11)
(57,14) (10,16) (45,34)
(11,32) (7,15) (25,35)
(59,25) (26,57) (7,35)
(48,35) (0,56) (1,28)
(44,41) (50,12) (24,57)
(45,6) (34,14) (44,16)
(43,45) (36,5) (25,22)
(21,52) (62,5) (20,7)
(42,39) (25,36) (2,31)
(9,0) (47,44) (19,12)
(33,6) (15,51) (46,43)
(63,48) (5,33) (6,16)
(38,33) (48,54) (5,50)
(44,2) (63,52) (0,49)
(7,13) (12,46) (27,30)
(29,53) (49,58) (31,14)
(30,35) (9,27) (40,21)
(11,39) (39,42) (13,34)
(31,3) (5,35) (3,39)
(54,25) (49,57) (63,29)
(41,26) (6,56) (33,41)
(18,44) (13,14) (15,42)
(13,46) (27,1) (37,17)
(15,42) (56,39) (11,17)
(5,45) (63,18) (12,42)
(9,30) (51,41) (48,26)
(17,26) (53,57) (46,51)
(51,52) (57,19) (8,33)
(50,8) (37,15) (48,6)
(6,12) (25,7) (22,17)
(48,12) (34,20) (25,46)
(41,33) (18,7) (52,38)
(31,52) (23,26) (36,48)
(34,52) (27,18) (23,7)
