(38,54) (32,9) (42,9)
(62,18) (14,51) (30,30)
(54,15) (38,28) (9,6)
(45,15) (56,22) (49,17)
(5,3) (18,59) (49,58)
(50,57) (40,34) (51,29)
(42,27) (29,47) (55,56)
(19,61) (20,53) (11,56)
(7,25) (26,21) (13,14)
(39,13) (39,7) (7,39)
(14,0) (26,26) (21,32)
(38,53) (37,4) (15,61)
(43,40) (53,2) (25,2)
(16,23) (36,15) (13,50)
(48,54) (55,4) (60,9)
(24,42) (9,7) (27,20)
(35,11) (18,12) (61,14)
(49,4) (28,34) (50,8)
(22,38) (23,63) (51,57)
(62,8) (52,4) (4,58)
(54,12) (21,49) (5,22)
(57,32) (45,44) (44,57)
(20,18) (57,0) (21,4)
(25,18) (27,51) (11,59)
(27,38) (7,26) (30,4)
(43,48) (57,34) (3,0)
(41,36) (61,45) (48,43)
(51,6) (49,1) (2,55)
(26,39) (18,13) (29,1)
(52,17) (13,11) (48,61)
(50,56) (32,33) (41,53)
(43,4) (19,63) (57,56)
(23,15) (50,63) (18,8)
(20,62) (43,52) (27,53)
(18,8) (29,23) (37,4)
(37,49) (28,11) (48,54)
(58,46) (33,35) (18,35)
(47,31) (9,25) (43,20)
(35,55) (27,8) (13,37)
(31,48) (4,31) (57,38)
(0,53) (8,61) (37,47)
(11,13) (9,57) (61,44)
(52,8) (40,16) (56,24)
(11,3) (16,36) (42,52)
(23,45) (50,21) (2,22)
(7,48) (12,7) (38,62)
(51,20) (62,43) (20,6)
(8,42) (1,1) (4,49)
(8,47) (45,30) (14,46)
(22,30) (51,15) (7,17)
(6,34) (55,21) (52,19)
(24,0) (36,56) (7,17)
(0,37) (13,33) (25,59)
(6,62) (48,23) (15,6)
(22,8) (41,42) (34,25)
(62,43) (46,41) (58,22)
(24,30) (53,31) (61,38)
(30,24) (1,52) (34,42)
(59,38) (44,26) (12,57)
(14,40) (37,54) (36,38)
(9,54) (14,46) (19,50)
(5,35) (49,8) (35,13)
(55,37) (56,39) (29,35)
(29,52) (31,52) (14,19)
(40,45) (20,38) (30,14)
(17,44) (26,21) (55,45)
(60,31) (37,54) (33,33)
(4,4) (34,33) (23,6)
(38,35) (51,0) (14,59)
(34,15) (13,58) (5,33)
(28,46) (60,19) (9,0)
(35,62) (44,58) (15,38)
(39,47) (62,0) (16,4)
(35,62) (54,12) (39,55)
(30,19) (28,40) (51,9)
(32,6) (54,38) (59,54)
(63,5) (2,34) (4,38)
(30,52) (61,49) (61,0)
(28,16) (2,55) (45,19)
(10,42) (57,9) (46,63)
(40,33) (45,58) (51,59)
(9,37) (22,19) (0,36)
(27,37) (13,16) (62,55)
(54,36) (13,44) (58,57)
(18,48) (45,3) (26,20)
(45,49) (1,57) (10,9)
(28,62) (47,56) (36,21)
(13,48) (56,59) (50,58)
(1,25) (28,9) (20,42)
(41,51) (8,57) (44,26)
(50,52) (41,21) (35,25)
(21,13) (23,47) (44,22)
(44,35) (11,36) (25,61)
(11,15) (3,49) (52,30)
(17,11) (32,42) (25,28)
(30,47) (25,45) (38,4)
(63,56) (4,34) (49,43)
(0,0) (10,22) (40,27)
(34,7) (49,37) (33,41)
(15,28) (6,50) (62,48)
