(6,32) (31,0) (31,44)
(15,3) (10,23) (51,32)
(50,20) (4,51) (45,40)
(7,34) (0,32) (19,42)
(52,48) (44,59) (34,18)
(63,42) (2,52) (47,34)
(23,43) (14,33) (7,61)
(12,62) (59,30) (51,26)
(18,14) (60,33) (56,20)
(32,22) (42,50) (6,35)
(37,10) (24,19) (13,22)
(41,23) (35,34) (27,15)
(44,17) (11,57) (10,34)
(28,26) (60,37) (23,57)
(17,8) (59,18) (4,58)
(37,7) (60,6) (33,1)
(23,57) (48,44) (3,43)
(9,18) (29,23) (18,53)
(57,3) (18,11) (4,9)
(37,45) (13,26) (63,2)
(47,49) (4,63) (25,2)
(42,30) (19,18) (35,42)
(62,23) (4,26) (36,28)
(63,10) (11,31) (42,21)
(55,0) (51,21) (41,60)
(33,62) (51,42) (43,57)
(22,60) (19,7) (17,22)
(7,58) (56,5) (60,59)
(11,13) (41,25) (1,58)
(34,50) (52,53) (55,11)
(30,63) (37,43) (37,25)
(30,12) (42,47) (58,30)
(12,33) (25,13) (20,5)
(23,11) (32,4) (54,23)
(60,61) (40,52) (60,18)
(43,0) (22,24) (47,42)
(37,45) (27,16) (34,52)
(4,18) (42,28) (21,59)
(31,6) (57,25) (30,2)
(60,53) (11,53) (10,47)
(1,25) (52,11) (17,36)
(43,56) (49,14) (46,3)
(24,7) (28,31) (23,59)
(20,41) (24,7) (40,47)
(10,19) (4,52) (52,33)
(46,54) (58,9) (42,46)
(3,59) (49,31) (58,41)
(28,24) (53,34) (40,30)
(25,41) (49,5) (56,3)
(51,20) (56,4) (30,10)
(45,47) (22,17) (3,3)
(51,8) (20,37) (24,59)
(18,32) (44,45) (22,32)
(41,13) (43,2) (51,51)
(51,20) (38,23) (63,16)
(47,15) (25,18) (58,15)
(45,7) (32,5) (47,0)
(18,21) (22,13) (7,10)
(42,57) (41,32) (5,36)
(16,28) (2,34) (49,12)
(21,13) (49,38) (55,26)
(17,32) (53,23) (31,58)
(2,34) (61,7) (55,54)
(19,10) (12,41) (56,32)
(28,16) (11,14) (46,50)
(60,55) (21,7) (11,54)
(47,0) (43,41) (44,47)
(1,13) (48,45) (61,14)
(13,18) (60,52) (53,9)
(37,1) (15,4) (31,37)
(25,3) (51,60) (20,40)
(63,35) (62,30) (53,34)
(34,7) (9,16) (47,29)
(39,2) (53,38) (35,51)
(50,0) (41,52) (45,59)
(16,57) (53,8) (42,61)
(0,38) (42,33) (30,49)
(35,63) (61,3) (59,45)
(32,3) (20,21) (20,1)
(42,23) (1,14) (6,31)
(35,5) (59,54) (20,15)
(43,63) (31,32) (57,48)
(22,60) (30,22) (61,62)
(30,32) (27,10) (58,47)
(26,38) (10,15) (16,62)
(42,31) (32,43) (3,21)
(32,54) (31,40) (10,60)
(23,41) (2,63) (56,53)
(50,0) (8,6) (45,45)
(17,44) (31,37) (21,28)
(57,8) (59,55) (50,8)
(56,27) (20,63) (34,55)
(42,55) (13,34) (28,60)
(39,62) (41,32) (39,40)
(3,22) (25,8) (6,2)
(24,55) (52,56) (59,59)
(62,45) (55,20) (15,61)
(52,47) (40,33) (45,28)
(56,3) (38,45) (47,30)
(30,57) (60,53) (5,3)
