(26,14) (52,11) (13,61)
(37,12) (21,63) (25,55)
(47,54) (28,16) (35,9)
(18,54) (56,48) (38,20)
(20,54) (26,22) (28,33)
(17,19) (45,53) (56,41)
(58,52) (20,10) (40,13)
(58,12) (26,19) (40,0)
(50,59) (43,1) (7,10)
(41,44) (15,35) (52,30)
(27,21) (2,58) (24,0)
(7,24) (38,5) (17,1)
(47,62) (29,0) (22,16)
(1,40) (48,56) (58,57)
(1,22) (54,49) (13,30)
(37,59) (59,60) (31,5)
(45,0) (57,25) (9,39)
(28,44) (60,53) (62,2)
(12,27) (60,3) (41,15)
(11,62) (49,49) (58,4)
(49,22) (31,44) (53,62)
(1,3) (32,4) (5,50)
(49,59) (36,26) (10,48)
(38,38) (12,54) (20,49)
(0,4) (28,58) (33,50)
(28,13) (57,45) (29,52)
(15,8) (27,23) (39,9)
(38,9) (28,55) (12,57)
(51,6) (54,51) (54,4)
(27,40) (23,11) (58,45)
(51,16) (39,53) (24,1)
(17,26) (28,40) (11,34)
(59,60) (26,5) (52,43)
(3,39) (19,20) (35,29)
(31,43) (51,56) (21,58)
(37,12) (47,26) (35,53)
(30,2) (51,31) (8,16)
(11,3) (25,13) (30,45)
(48,55) (19,21) (52,45)
(30,24) (4,0) (50,46)
(8,35) (48,56) (3,61)
(36,63) (35,57) (4,4)
(13,0) (28,21) (53,30)
(9,38) (60,51) (10,27)
(24,17) (56,15) (9,63)
(20,18) (38,45) (17,60)
(23,32) (6,58) (29,23)
(23,42) (51,56) (14,9)
(28,26) (15,5) (34,44)
(55,44) (53,22) (41,32)
(18,5) (19,37) (12,41)
(35,26) (24,2) (30,3)
(60,44) (18,59) (15,39)
(47,39) (4,37) (48,59)
(41,15) (55,54) (43,34)
(31,6) (21,13) (21,14)
(32,17) (23,42) (31,12)
(24,27) (24,50) (57,4)
(37,55) (16,3) (59,41)
(22,15) (54,1) (10,43)
(54,52) (0,59) (20,53)
(54,24) (32,5) (10,50)
(7,17) (15,57) (6,28)
(46,48) (54,20) (39,40)
(53,60) (6,23) (14,15)
(15,59) (58,12) (62,9)
(43,56) (49,22) (49,47)
(22,7) (60,56) (14,43)
(44,51) (7,63) (39,53)
(47,37) (43,37) (17,46)
(5,20) (7,55) (10,57)
(16,22) (3,27) (5,3)
(5,19) (63,31) (36,46)
(36,11) (55,32) (63,50)
(31,61) (17,22) (45,23)
(49,48) (9,48) (9,62)
(14,23) (58,56) (21,18)
(0,59) (25,38) (4,51)
(13,50) (63,51) (45,56)
(62,3) (30,19) (3,10)
(27,2) (7,59) (8,28)
(54,20) (54,9) (2,12)
(28,56) (45,28) (26,6)
(42,40) (59,7) (57,8)
(21,56) (2,61) (60,10)
(15,33) (7,9) (6,50)
(17,25) (21,7) (54,26)
(17,37) (17,60) (10,36)
(0,3) (29,0) (17,63)
(8,18) (10,44) (55,5)
(39,29) (58,2) (61,44)
(63,58) (8,61) (32,10)
(8,51) (51,37) (20,2)
(63,42) (42,49) (33,18)
(51,23) (19,30) (30,47)
(3,17) (38,61) (6,27)
(46,31) (11,22) (59,16)
(15,7) (56,29) (19,26)
(59,29) (10,63) (28,20)
(20,26) (16,30) (0,57)
