(12,29) (30,26) (15,60)
(61,46) (27,11) (17,46)
(60,58) (13,47) (43,41)
(14,6) (11,34) (34,17)
(45,2) (24,37) (18,61)
(62,11) (41,61) (61,49)
(47,52) (35,51) (60,42)
(53,0) (50,22) (42,1)
(54,11) (48,7) (12,4)
(21,43) (36,56) (54,20)
(1,6) (49,26) (4,44)
(28,21) (47,51) (32,32)
(52,12) (5,3) (34,42)
(35,57) (47,4) (44,41)
(52,0) (60,56) (21,48)
(12,27) (10,18) (56,55)
(51,23) (44,22) (62,38)
(15,57) (16,48) (29,47)
(48,31) (31,1) (46,52)
(37,57) (34,13) (2,18)
(8,3) (25,3) (50,14)
(17,16) (45,39) (13,5)
(33,26) (15,43) (39,21)
(21,46) (16,26) (4,54)
(53,31) (30,55) (10,25)
(40,19) (61,18) (15,54)
(50,32) (35,33) (10,10)
(24,44) (36,27) (21,46)
(30,19) (5,9) (19,21)
(45,22) (17,50) (13,52)
