(15,63) (41,2) (58,13)
(33,45) (52,6) (25,16)
(33,38) (34,61) (39,7)
(0,11) (54,41) (6,31)
(28,6) (55,14) (25,59)
(11,38) (57,22) (11,11)
(58,21) (27,32) (7,11)
(46,54) (42,12) (44,46)
(62,47) (28,17) (36,47)
(31,37) (44,0) (24,40)
(48,28) (29,40) (2,21)
(23,60) (26,0) (8,22)
(20,12) (44,24) (37,6)
(4,54) (57,42) (18,16)
(20,27) (48,16) (35,62)
(20,19) (52,8) (30,22)
(50,30) (27,23) (5,25)
(36,40) (41,26) (25,44)
(59,0) (58,57) (48,44)
(43,4) (52,44) (60,16)
(12,39) (3,2) (14,19)
(2,61) (22,58) (58,53)
(1,56) (35,13) (41,29)
(50,10) (25,20) (39,3)
(58,38) (44,23) (19,24)
(41,12) (29,59) (62,59)
(43,30) (54,30) (19,7)
(35,19) (35,52) (6,34)
(38,17) (32,38) (40,28)
(31,32) (57,15) (42,54)
