(48,33) (63,37) (52,40)
(39,31) (12,10) (48,19)
(49,23) (50,2) (34,6)
(6,55) (11,36) (42,21)
(19,63) (17,37) (63,45)
(18,30) (4,20) (38,45)
(22,12) (14,0) (40,18)
(39,27) (12,43) (50,19)
(4,61) (50,59) (39,50)
(12,55) (28,16) (47,30)
(22,38) (6,49) (56,22)
(15,2) (6,27) (6,35)
(45,47) (14,30) (18,52)
(5,32) (53,37) (36,6)
(24,62) (58,39) (39,6)
(22,4) (36,58) (5,32)
(39,59) (15,46) (8,5)
(31,63) (16,11) (3,47)
(53,8) (30,55) (42,44)
(59,7) (5,37) (51,58)
(62,1) (39,18) (6,38)
(60,13) (45,24) (20,18)
(48,36) (46,3) (23,28)
(62,50) (32,10) (45,58)
(42,34) (47,32) (45,18)
(61,60) (3,59) (17,0)
(29,16) (16,51) (6,31)
(30,3) (38,52) (8,61)
(34,38) (18,21) (7,40)
(51,36) (4,8) (31,13)
