(28,47) (40,17) (35,11)
(54,0) (34,25) (6,2)
(53,28) (58,6) (23,46)
(23,63) (9,33) (8,16)
(63,39) (35,28) (21,26)
(17,3) (30,19) (52,30)
(38,38) (25,42) (4,1)
(53,16) (22,7) (58,24)
(39,19) (29,24) (35,41)
(55,5) (6,20) (41,50)
(63,25) (30,0) (4,49)
(54,9) (48,46) (0,50)
(36,36) (21,5) (27,48)
(37,0) (13,47) (9,37)
(14,31) (34,18) (8,47)
(12,42) (31,29) (60,46)
(20,57) (57,56) (38,32)
(1,18) (7,31) (1,48)
(2,37) (32,28) (24,35)
(18,32) (33,45) (43,62)
(52,23) (20,9) (22,15)
(14,61) (31,52) (51,4)
(18,31) (28,16) (48,3)
(46,8) (63,34) (11,17)
(26,14) (6,10) (61,61)
(0,7) (25,18) (25,60)
(59,28) (10,50) (4,47)
(50,10) (4,37) (53,4)
(39,1) (54,56) (44,51)
(43,51) (44,39) (45,17)
(3,37) (20,59) (17,32)
(14,40) (20,51) (54,46)
(53,17) (43,13) (40,46)
(46,45) (36,25) (58,48)
(17,18) (57,40) (56,7)
(29,5) (46,27) (12,62)
(50,31) (43,17) (43,16)
(6,34) (37,62) (37,55)
(11,41) (25,36) (56,40)
(24,2) (6,3) (2,57)
(5,27) (7,2) (48,23)
(17,26) (21,44) (48,7)
(30,59) (38,28) (40,62)
(40,33) (54,34) (28,26)
(55,8) (31,56) (11,50)
(34,11) (61,18) (0,23)
(14,8) (46,52) (36,57)
(13,40) (24,43) (56,25)
(16,11) (16,7) (27,3)
(5,3) (40,30) (8,60)
(14,61) (59,56) (8,55)
(6,46) (21,17) (26,41)
(47,33) (53,42) (60,17)
(7,52) (32,11) (11,5)
(26,18) (36,13) (30,36)
(50,22) (54,49) (49,42)
(28,58) (11,11) (14,47)
(27,39) (49,13) (7,28)
(38,19) (49,41) (26,45)
(49,39) (61,3) (45,26)
(9,34) (33,29) (13,43)
(39,57) (16,41) (28,53)
(12,10) (1,1) (16,26)
(27,40) (27,15) (58,5)
(35,24) (31,47) (16,35)
(10,19) (51,42) (18,4)
(37,10) (24,52) (63,35)
(33,62) (4,4) (11,57)
(24,19) (18,22) (5,33)
(6,54) (58,47) (61,59)
(58,40) (40,56) (45,19)
(14,52) (17,20) (32,60)
(35,52) (40,10) (50,59)
(60,7) (53,32) (16,54)
(54,20) (43,12) (14,45)
(6,35) (28,58) (25,52)
(26,32) (37,37) (30,38)
(29,8) (51,21) (9,39)
(46,20) (63,6) (50,28)
(31,43) (5,58) (28,60)
(53,7) (62,28) (28,36)
(14,59) (26,28) (45,15)
(18,50) (27,53) (21,45)
(43,29) (57,16) (26,20)
(63,23) (47,26) (57,28)
(57,51) (15,33) (19,28)
(12,19) (39,53) (38,56)
(60,24) (50,46) (24,12)
(46,39) (3,42) (62,2)
(5,13) (4,11) (45,57)
(17,50) (47,50) (7,12)
(31,13) (55,35) (4,10)
(45,32) (13,54) (46,7)
(36,48) (16,23) (13,38)
(30,16) (22,5) (21,13)
(8,40) (7,58) (26,36)
(19,10) (50,52) (23,62)
(45,22) (30,2) (30,49)
(51,11) (26,61) (0,12)
(22,48) (23,62) (48,1)
