(12,33) (57,33) (49,5)
(29,44) (35,33) (2,27)
(58,30) (14,57) (8,61)
(1,58) (26,34) (17,12)
(47,47) (3,4) (34,25)
(12,24) (19,35) (62,3)
(63,8) (5,27) (33,61)
(58,36) (48,0) (44,43)
(19,26) (42,34) (39,0)
(15,4) (54,39) (41,15)
(8,15) (47,31) (12,51)
(17,14) (57,58) (62,17)
(52,58) (59,5) (8,28)
(53,16) (49,27) (59,6)
(61,43) (37,14) (40,34)
(54,52) (53,42) (43,33)
(35,49) (55,56) (17,57)
(55,52) (49,37) (29,23)
(61,38) (15,7) (3,0)
(46,51) (60,22) (2,13)
(10,22) (54,29) (19,7)
(44,44) (52,25) (47,18)
(14,23) (5,16) (63,44)
(0,39) (10,7) (62,42)
(61,56) (61,33) (11,40)
(35,7) (35,28) (27,45)
(18,18) (52,22) (40,38)
(19,37) (61,5) (26,57)
(6,19) (11,24) (33,11)
(51,60) (27,24) (56,26)
(18,54) (29,2) (59,42)
(1,1) (57,1) (48,14)
(46,40) (8,58) (11,33)
(50,51) (28,23) (18,4)
(56,37) (9,41) (20,13)
(39,54) (9,41) (18,42)
(10,22) (28,7) (60,52)
(45,41) (54,0) (32,12)
(46,10) (29,53) (36,15)
(50,53) (40,51) (35,34)
(37,41) (10,16) (50,49)
(43,21) (40,42) (21,39)
(22,11) (37,21) (50,33)
(59,4) (36,28) (1,51)
(17,0) (15,3) (27,31)
(36,10) (58,39) (11,55)
(15,51) (4,41) (3,1)
(3,62) (57,42) (44,43)
(42,37) (22,28) (56,13)
(54,14) (11,4) (42,63)
(42,61) (35,50) (7,15)
(7,58) (13,25) (1,16)
(51,26) (58,58) (38,29)
(28,25) (39,1) (20,14)
(18,52) (45,45) (61,16)
(44,17) (33,63) (52,14)
(3,43) (57,30) (26,39)
(28,35) (29,20) (50,17)
(5,3) (31,9) (28,14)
(22,13) (60,50) (54,57)
(45,48) (8,3) (25,48)
(22,20) (43,56) (28,43)
(3,45) (42,51) (26,44)
(34,43) (37,52) (4,22)
(1,39) (29,9) (51,0)
(13,14) (12,61) (44,63)
(45,23) (12,54) (42,55)
(48,49) (52,1) (46,20)
(16,43) (58,63) (6,48)
(59,3) (22,9) (56,42)
(1,43) (30,14) (60,15)
(18,61) (3,0) (12,56)
(17,56) (30,26) (40,46)
(5,53) (4,6) (7,39)
(17,45) (16,9) (14,44)
(16,41) (14,51) (55,62)
(56,41) (33,1) (37,50)
(38,4) (3,45) (10,50)
(22,60) (41,3) (25,24)
(8,47) (24,37) (37,57)
(16,34) (60,56) (34,25)
(12,11) (53,27) (25,43)
(14,33) (61,44) (47,48)
(39,18) (5,48) (13,51)
(18,60) (44,3) (11,11)
(30,33) (60,7) (45,31)
(12,15) (31,54) (31,32)
(48,17) (15,10) (1,26)
(42,38) (42,10) (42,24)
(7,11) (5,30) (0,50)
(49,18) (39,21) (37,63)
(9,11) (48,26) (15,26)
(60,10) (4,7) (40,63)
(5,12) (17,14) (30,12)
(36,2) (3,58) (1,62)
(34,16) (28,1) (25,39)
(10,38) (59,8) (62,17)
(16,61) (6,46) (38,47)
(51,12) (56,35) (43,55)
(21,57) (22,32) (14,59)
