(22,19) (34,14) (17,19)
(0,3) (35,4) (0,7)
(0,5) (22,14) (0,18)
(0,3) (3,4) (21,19)
(16,19) (27,11) (4,19)
(13,19) (23,17) (21,19)
(15,19) (32,2) (0,6)
(38,15) (6,2) (0,11)
(0,16) (36,4) (38,19)
(0,12) (27,1) (38,19)
(0,11) (30,16) (5,19)
(21,19) (3,10) (38,2)
(5,19) (32,14) (0,12)
(14,19) (28,7) (38,2)
(0,4) (9,1) (38,0)
(9,19) (11,7) (38,7)
(21,19) (6,17) (38,4)
(5,19) (21,1) (0,5)
(0,2) (16,7) (0,18)
(23,19) (26,1) (0,4)
(10,19) (6,7) (5,19)
(0,11) (9,14) (21,19)
(17,19) (18,7) (38,10)
(29,19) (15,4) (0,2)
(24,19) (33,17) (38,18)
(38,18) (22,14) (0,0)
(7,19) (8,16) (38,5)
(26,19) (3,5) (14,19)
(32,19) (27,7) (15,19)
(24,19) (6,11) (0,5)
