(0,6) (27,13) (14,19)
(0,15) (4,17) (12,19)
(38,8) (21,10) (0,6)
(38,17) (14,7) (27,19)
(38,17) (36,16) (0,4)
(34,19) (28,7) (38,19)
(0,16) (17,14) (38,5)
(0,2) (3,5) (38,0)
(0,11) (24,16) (1,19)
(38,18) (5,8) (25,19)
(0,15) (11,11) (38,0)
(0,9) (33,17) (32,19)
(15,19) (35,10) (0,5)
(13,19) (17,1) (0,14)
(0,7) (12,14) (18,19)
(0,13) (11,1) (0,18)
(38,18) (2,13) (16,19)
(0,9) (20,7) (2,19)
(9,19) (34,17) (15,19)
(38,0) (8,10) (0,0)
(38,13) (6,17) (0,11)
(32,19) (12,13) (33,19)
(0,15) (21,8) (15,19)
(33,19) (23,13) (2,19)
(11,19) (36,7) (0,12)
(0,1) (34,5) (38,11)
(38,12) (15,10) (12,19)
(5,19) (17,10) (38,2)
(38,6) (20,10) (0,19)
(38,1) (3,4) (5,19)
