(12,19) (30,7) (3,19)
(26,19) (5,16) (0,11)
(0,2) (36,5) (27,19)
(0,19) (10,13) (38,14)
(0,17) (24,4) (6,19)
(0,6) (8,8) (29,19)
(1,19) (26,7) (38,19)
(0,2) (35,1) (33,19)
(38,10) (30,10) (38,11)
(11,19) (35,16) (38,14)
(32,19) (18,17) (32,19)
(20,19) (5,11) (0,8)
(0,19) (4,2) (0,0)
(38,0) (20,7) (38,2)
(0,18) (23,17) (2,19)
(38,9) (27,10) (8,19)
(10,19) (12,17) (21,19)
(11,19) (5,4) (0,15)
(38,6) (9,8) (38,16)
(25,19) (21,16) (10,19)
(0,19) (21,16) (38,5)
(38,12) (26,1) (38,11)
(38,11) (9,14) (37,19)
(20,19) (15,11) (20,19)
(0,1) (23,8) (13,19)
(37,19) (30,13) (3,19)
(0,10) (16,14) (15,19)
(0,17) (4,4) (20,19)
(38,17) (18,4) (38,4)
(38,12) (17,14) (0,13)
