(27,19) (2,17) (38,14)
(27,19) (22,17) (20,19)
(0,16) (2,17) (17,19)
(38,4) (26,11) (0,13)
(7,19) (30,4) (34,19)
(0,0) (18,5) (38,3)
(0,18) (5,7) (33,19)
(38,8) (23,4) (35,19)
(38,16) (24,16) (7,19)
(0,19) (11,1) (38,8)
(0,17) (27,11) (38,10)
(38,13) (14,5) (38,11)
(32,19) (3,1) (38,10)
(0,14) (21,11) (13,19)
(38,11) (11,13) (13,19)
(38,11) (15,4) (23,19)
(25,19) (22,10) (36,19)
(24,19) (18,17) (32,19)
(18,19) (21,10) (38,14)
(1,19) (30,2) (38,0)
(0,11) (16,7) (0,13)
(31,19) (15,2) (38,14)
(16,19) (12,13) (0,15)
(26,19) (32,16) (38,18)
(0,1) (16,10) (13,19)
(38,11) (24,7) (8,19)
(30,19) (14,17) (38,5)
(31,19) (33,13) (5,19)
(17,19) (4,13) (14,19)
(0,7) (6,17) (10,19)
