(18,19) (21,4) (11,19)
(0,11) (16,16) (38,1)
(23,19) (17,1) (0,12)
(0,3) (8,13) (0,0)
(0,15) (3,8) (38,19)
(0,6) (34,1) (0,8)
(32,19) (26,13) (29,19)
(38,8) (16,7) (31,19)
(35,19) (14,2) (19,19)
(5,19) (32,17) (4,19)
(1,19) (10,11) (28,19)
(8,19) (36,5) (38,13)
(0,9) (8,11) (0,18)
(34,19) (10,7) (33,19)
(38,12) (17,16) (38,19)
(38,14) (14,14) (14,19)
(0,11) (16,16) (37,19)
(38,15) (16,7) (5,19)
(22,19) (27,2) (37,19)
(38,0) (20,10) (10,19)
(0,10) (24,4) (0,14)
(34,19) (34,17) (23,19)
(18,19) (28,2) (24,19)
(17,19) (27,7) (33,19)
(11,19) (5,5) (8,19)
(20,19) (3,13) (0,11)
(38,8) (16,5) (38,4)
(0,2) (27,1) (24,19)
(17,19) (34,11) (0,6)
(34,19) (18,4) (18,19)
