(21,19) (32,8) (37,19)
(33,19) (9,10) (13,19)
(21,19) (22,14) (38,0)
(10,19) (30,11) (38,2)
(38,7) (30,7) (10,19)
(37,19) (35,2) (38,0)
(5,19) (20,7) (28,19)
(38,2) (32,4) (30,19)
(38,11) (21,2) (1,19)
(38,12) (33,10) (0,5)
(19,19) (11,16) (31,19)
(0,18) (14,10) (29,19)
(7,19) (21,11) (38,1)
(38,9) (11,1) (0,4)
(0,9) (35,13) (0,6)
(16,19) (16,11) (14,19)
(32,19) (3,17) (0,9)
(38,7) (22,4) (38,2)
(30,19) (22,4) (38,9)
(0,19) (36,11) (18,19)
(13,19) (24,17) (1,19)
(3,19) (2,1) (27,19)
(27,19) (15,7) (1,19)
(26,19) (18,11) (4,19)
(0,16) (6,13) (38,11)
(24,19) (5,13) (27,19)
(0,16) (12,4) (25,19)
(30,19) (10,8) (31,19)
(26,19) (8,7) (9,19)
(38,9) (3,7) (38,15)
