(9,19) (21,4) (38,10)
(19,19) (20,16) (0,19)
(30,19) (14,8) (9,19)
(12,19) (27,5) (0,18)
(18,19) (18,13) (4,19)
(4,19) (12,8) (35,19)
(28,19) (18,8) (17,19)
(14,19) (23,1) (0,15)
(38,15) (20,8) (5,19)
(0,10) (6,14) (12,19)
(26,19) (14,17) (0,12)
(17,19) (21,8) (38,16)
(0,13) (22,17) (0,4)
(38,15) (8,10) (30,19)
(35,19) (24,7) (38,2)
(38,6) (26,5) (36,19)
(36,19) (11,4) (25,19)
(0,15) (23,7) (12,19)
(1,19) (36,14) (0,19)
(5,19) (20,5) (12,19)
(8,19) (16,14) (33,19)
(21,19) (15,4) (3,19)
(0,12) (23,5) (38,11)
(18,19) (36,16) (38,9)
(38,13) (8,16) (16,19)
(0,12) (32,4) (0,17)
(0,9) (17,1) (17,19)
(1,19) (9,4) (14,19)
(38,10) (15,11) (38,7)
(38,1) (11,7) (38,1)
