(0,2) (12,14) (25,19)
(0,14) (21,8) (0,16)
(25,19) (33,7) (38,3)
(28,19) (9,16) (0,17)
(0,5) (22,14) (26,19)
(38,10) (28,4) (38,3)
(34,19) (9,13) (0,8)
(0,3) (24,10) (15,19)
(24,19) (23,16) (0,7)
(38,2) (29,1) (38,7)
(4,19) (22,14) (38,19)
(22,19) (29,16) (6,19)
(38,11) (5,1) (38,14)
(38,9) (22,1) (0,6)
(19,19) (26,1) (3,19)
(0,13) (33,7) (38,8)
(38,15) (24,14) (0,12)
(6,19) (20,2) (35,19)
(38,12) (2,10) (14,19)
(6,19) (35,13) (2,19)
(38,18) (8,17) (16,19)
(12,19) (30,14) (38,18)
(4,19) (21,11) (21,19)
(1,19) (29,7) (37,19)
(7,19) (15,7) (12,19)
(30,19) (20,14) (38,11)
(0,17) (33,8) (38,11)
(0,3) (21,13) (0,11)
(0,7) (14,4) (38,1)
(0,10) (8,10) (38,5)
