(38,19) (2,8) (0,9)
(17,19) (34,13) (11,19)
(0,15) (34,13) (38,17)
(19,19) (20,16) (10,19)
(38,1) (8,16) (22,19)
(38,16) (26,4) (5,19)
(28,19) (11,16) (38,4)
(38,10) (23,7) (38,7)
(38,8) (6,17) (0,9)
(9,19) (23,7) (25,19)
(29,19) (36,7) (38,5)
(38,2) (5,2) (38,6)
(0,16) (28,4) (24,19)
(0,14) (11,11) (35,19)
(0,9) (21,7) (36,19)
(2,19) (21,8) (38,9)
(0,6) (27,4) (0,9)
(37,19) (11,5) (0,10)
(0,18) (11,2) (2,19)
(0,1) (11,2) (38,7)
(0,18) (26,17) (0,4)
(0,18) (10,1) (38,7)
(11,19) (32,13) (0,18)
(34,19) (14,13) (38,12)
(26,19) (10,10) (0,17)
(0,11) (22,17) (38,3)
(18,19) (32,10) (0,5)
(38,16) (34,16) (0,12)
(30,19) (21,13) (1,19)
(0,17) (12,8) (33,19)
