(0,13) (6,2) (0,1)
(38,8) (10,11) (20,19)
(0,7) (4,14) (23,19)
(10,19) (8,5) (23,19)
(20,19) (20,11) (16,19)
(35,19) (35,7) (13,19)
(13,19) (29,7) (0,14)
(20,19) (17,17) (38,6)
(0,2) (35,4) (38,15)
(0,15) (22,11) (0,9)
(0,0) (5,5) (4,19)
(10,19) (8,16) (38,2)
(38,9) (5,2) (0,14)
(24,19) (18,17) (0,10)
(33,19) (11,1) (1,19)
(0,1) (2,14) (38,0)
(28,19) (12,16) (0,1)
(38,13) (32,16) (0,7)
(38,11) (26,4) (24,19)
(34,19) (32,16) (25,19)
(38,7) (35,7) (7,19)
(24,19) (22,17) (29,19)
(0,13) (16,17) (28,19)
(38,9) (26,11) (0,15)
(38,6) (26,4) (38,10)
(0,4) (14,7) (38,17)
(0,13) (22,13) (33,19)
(0,15) (17,8) (38,6)
(0,5) (33,13) (0,10)
(0,10) (27,8) (21,19)
