(110,21) (88,43) (110,83)
(0,15) (106,68) (0,74)
(110,47) (39,82) (110,2)
(110,59) (40,88) (81,94)
(22,94) (83,65) (78,94)
(0,47) (96,38) (110,23)
(0,80) (38,22) (110,81)
(0,49) (26,1) (110,32)
(110,56) (74,82) (110,94)
(0,1) (15,31) (110,77)
(0,89) (51,65) (110,62)
(95,94) (82,37) (110,47)
(110,80) (80,41) (101,94)
(110,1) (15,61) (110,47)
(40,94) (94,2) (48,94)
(110,24) (62,77) (0,4)
(110,22) (77,34) (0,12)
(0,47) (104,65) (103,94)
(0,80) (29,25) (0,70)
(0,63) (93,64) (0,74)
(7,94) (54,62) (110,77)
(110,51) (42,52) (110,0)
(49,94) (29,7) (0,88)
(110,63) (90,76) (110,0)
(94,94) (65,37) (7,94)
(110,41) (15,35) (110,33)
(110,28) (100,83) (110,75)
(110,72) (18,74) (0,43)
(24,94) (41,2) (0,14)
(0,6) (52,22) (0,65)
