(110,28) (80,47) (110,53)
(48,94) (50,88) (18,94)
(26,94) (90,29) (45,94)
(0,39) (17,64) (0,39)
(110,52) (44,35) (0,28)
(65,94) (44,10) (110,20)
(40,94) (26,37) (50,94)
(110,24) (42,2) (110,23)
(1,94) (104,92) (110,2)
(50,94) (87,1) (110,37)
(0,73) (22,19) (110,46)
(110,20) (80,61) (110,61)
(110,6) (86,29) (56,94)
(42,94) (4,26) (70,94)
(110,94) (4,77) (110,42)
(110,50) (28,16) (110,30)
(37,94) (98,65) (0,37)
(0,68) (11,62) (0,86)
(0,43) (18,41) (0,48)
(25,94) (65,19) (110,34)
(110,76) (44,70) (0,50)
(0,75) (12,28) (39,94)
(110,16) (21,23) (41,94)
(0,5) (105,71) (105,94)
(110,31) (58,8) (110,61)
(0,46) (32,40) (110,87)
(0,84) (84,71) (78,94)
(64,94) (64,16) (82,94)
(103,94) (12,40) (110,6)
(110,89) (63,40) (110,86)
