(83,94) (56,64) (0,21)
(110,72) (94,38) (24,94)
(0,27) (82,52) (110,7)
(0,39) (107,61) (110,82)
(0,36) (56,44) (60,94)
(110,61) (78,86) (106,94)
(0,24) (53,80) (110,42)
(110,68) (57,29) (21,94)
(48,94) (34,76) (0,15)
(0,56) (92,49) (110,35)
(110,70) (104,5) (44,94)
(110,40) (40,20) (32,94)
(110,25) (64,53) (94,94)
(0,70) (9,92) (110,18)
(31,94) (58,50) (0,38)
(46,94) (107,80) (94,94)
(106,94) (70,58) (110,14)
(0,88) (77,85) (110,34)
(41,94) (75,53) (62,94)
(0,59) (71,58) (39,94)
(0,74) (75,77) (110,13)
(92,94) (98,38) (0,68)
(86,94) (70,62) (110,23)
(0,78) (57,55) (0,24)
(103,94) (32,40) (0,12)
(110,5) (9,73) (64,94)
(37,94) (99,25) (0,22)
(90,94) (76,19) (77,94)
(44,94) (4,70) (110,3)
(0,42) (41,20) (0,9)
