(63,94) (88,58) (110,11)
(110,19) (94,52) (110,52)
(27,94) (22,4) (110,56)
(0,68) (82,25) (61,94)
(0,67) (47,4) (0,8)
(11,94) (8,68) (110,21)
(110,5) (108,50) (0,29)
(110,69) (29,80) (0,36)
(0,93) (74,59) (110,63)
(110,28) (95,44) (81,94)
(76,94) (83,49) (110,82)
(43,94) (27,41) (42,94)
(0,71) (18,4) (0,66)
(110,88) (48,65) (110,0)
(0,4) (32,43) (0,55)
(0,84) (81,8) (0,82)
(110,67) (107,22) (22,94)
(0,51) (101,19) (0,33)
(99,94) (40,92) (110,3)
(0,46) (42,14) (20,94)
(0,80) (45,89) (0,62)
(110,47) (74,62) (52,94)
(0,43) (21,55) (0,29)
(0,24) (20,22) (110,12)
(110,0) (22,68) (0,47)
(110,42) (5,16) (110,45)
(13,94) (22,73) (80,94)
(110,59) (62,16) (0,59)
(107,94) (30,49) (0,53)
(103,94) (106,4) (110,58)
