(2,94) (86,50) (0,83)
(83,94) (57,76) (110,7)
(72,94) (44,16) (0,18)
(110,43) (28,67) (110,43)
(0,66) (20,82) (0,4)
(0,66) (38,4) (74,94)
(0,54) (58,65) (93,94)
(0,87) (4,22) (22,94)
(43,94) (8,86) (110,46)
(7,94) (53,43) (0,42)
(38,94) (84,19) (0,52)
(0,4) (59,44) (110,78)
(110,14) (2,25) (110,33)
(76,94) (75,38) (80,94)
(110,53) (57,70) (108,94)
(0,69) (28,26) (106,94)
(0,48) (50,23) (110,44)
(26,94) (98,64) (110,89)
(94,94) (88,40) (0,58)
(104,94) (72,46) (7,94)
(0,14) (58,89) (62,94)
(53,94) (57,16) (17,94)
(25,94) (93,85) (110,81)
(0,17) (39,22) (110,60)
(75,94) (84,58) (48,94)
(0,12) (8,25) (110,3)
(11,94) (70,7) (109,94)
(110,75) (35,50) (0,93)
(0,29) (84,16) (110,78)
(110,73) (42,29) (0,40)
