(78,94) (53,86) (110,63)
(14,94) (16,55) (2,94)
(0,92) (69,40) (91,94)
(109,94) (88,40) (110,7)
(45,94) (45,17) (0,23)
(91,94) (102,64) (0,9)
(1,94) (57,40) (0,23)
(9,94) (52,26) (23,94)
(0,48) (17,79) (110,39)
(100,94) (54,5) (46,94)
(0,92) (26,83) (49,94)
(110,84) (106,56) (110,57)
(110,45) (100,47) (55,94)
(110,45) (93,8) (0,70)
(0,39) (12,86) (110,36)
(110,58) (10,10) (110,19)
(66,94) (70,5) (88,94)
(62,94) (74,25) (0,50)
(110,93) (30,20) (110,86)
(16,94) (48,53) (38,94)
(0,21) (77,34) (110,63)
(83,94) (41,79) (10,94)
(18,94) (6,83) (16,94)
(4,94) (28,41) (0,73)
(110,47) (83,62) (110,45)
(48,94) (52,64) (110,72)
(98,94) (23,56) (43,94)
(0,47) (54,5) (7,94)
(0,68) (104,74) (98,94)
(67,94) (63,53) (0,29)
