(110,86) (96,44) (0,48)
(110,43) (9,46) (110,90)
(110,59) (53,5) (0,63)
(110,53) (24,37) (110,2)
(0,53) (39,13) (0,7)
(110,51) (29,17) (0,91)
(46,94) (82,49) (110,59)
(0,79) (70,28) (32,94)
(0,73) (4,47) (0,26)
(29,94) (30,11) (110,47)
(110,28) (80,32) (34,94)
(0,22) (45,23) (0,39)
(0,60) (41,76) (0,59)
(110,58) (51,77) (0,55)
(0,1) (105,11) (110,33)
(30,94) (108,11) (110,88)
(110,7) (63,46) (101,94)
(58,94) (96,80) (110,72)
(110,63) (106,37) (70,94)
(0,25) (45,29) (110,17)
(0,62) (30,64) (0,77)
(0,85) (51,22) (110,49)
(0,42) (68,26) (13,94)
(103,94) (66,73) (52,94)
(0,88) (27,50) (100,94)
(9,94) (52,29) (110,83)
(46,94) (32,49) (110,64)
(87,94) (88,50) (0,58)
(0,20) (99,49) (110,93)
(74,94) (26,2) (0,60)
