(110,67) (78,85) (0,39)
(77,94) (75,40) (52,94)
(61,94) (86,62) (110,4)
(0,49) (40,41) (0,77)
(103,94) (51,47) (34,94)
(110,30) (34,49) (16,94)
(106,94) (101,80) (0,12)
(110,69) (102,28) (0,26)
(33,94) (68,55) (0,86)
(110,36) (11,73) (110,11)
(88,94) (33,38) (107,94)
(110,67) (24,83) (96,94)
(110,66) (86,22) (0,39)
(38,94) (108,91) (0,36)
(107,94) (90,77) (25,94)
(0,15) (9,29) (0,81)
(28,94) (106,4) (0,9)
(110,64) (102,32) (0,49)
(0,75) (53,68) (66,94)
(110,60) (64,71) (0,77)
(110,42) (80,11) (102,94)
(0,46) (18,5) (12,94)
(0,26) (81,56) (0,81)
(110,89) (16,29) (72,94)
(0,79) (64,61) (0,49)
(110,28) (96,80) (62,94)
(0,0) (90,55) (92,94)
(0,26) (42,56) (110,18)
(0,55) (15,31) (72,94)
(26,94) (11,28) (110,46)
