(110,2) (29,35) (110,57)
(17,94) (26,83) (0,22)
(110,24) (27,91) (110,15)
(110,28) (92,17) (0,28)
(0,37) (107,86) (0,17)
(35,94) (9,28) (110,73)
(110,29) (17,73) (93,94)
(110,33) (15,53) (110,63)
(0,47) (64,32) (36,94)
(62,94) (93,16) (14,94)
(101,94) (6,89) (103,94)
(110,40) (22,70) (96,94)
(61,94) (107,7) (20,94)
(110,9) (44,29) (110,93)
(0,93) (68,83) (93,94)
(110,30) (40,56) (0,61)
(110,52) (41,53) (0,8)
(0,21) (102,17) (110,34)
(110,93) (44,29) (110,2)
(110,10) (71,37) (83,94)
(0,34) (48,28) (35,94)
(110,56) (105,64) (25,94)
(13,94) (69,76) (110,9)
(110,81) (18,23) (0,93)
(0,34) (59,35) (0,33)
(0,4) (54,22) (77,94)
(50,94) (66,74) (0,12)
(99,94) (40,49) (0,87)
(110,80) (81,56) (110,3)
(59,94) (87,10) (110,4)
