(36,94) (58,26) (0,33)
(110,62) (69,73) (55,94)
(0,51) (17,8) (0,67)
(0,73) (27,38) (0,44)
(0,5) (4,29) (0,54)
(110,11) (3,70) (110,69)
(110,24) (108,61) (56,94)
(110,57) (52,82) (0,26)
(26,94) (50,17) (21,94)
(80,94) (75,19) (110,42)
(110,83) (99,82) (0,12)
(54,94) (20,32) (0,32)
(100,94) (63,67) (60,94)
(74,94) (18,67) (73,94)
(110,4) (65,88) (32,94)
(66,94) (12,88) (18,94)
(110,56) (15,47) (64,94)
(5,94) (104,58) (0,16)
(2,94) (50,86) (0,75)
(55,94) (51,52) (110,92)
(110,27) (41,43) (110,20)
(0,38) (78,61) (0,52)
(110,46) (71,10) (96,94)
(110,39) (101,20) (17,94)
(36,94) (40,34) (110,72)
(110,36) (14,79) (9,94)
(34,94) (66,20) (110,35)
(17,94) (15,41) (102,94)
(41,94) (101,59) (110,79)
(110,74) (44,46) (110,36)
